1 0.373046875 0.32478165937500003 0.3837890625 0.3387918484375 0.3896484375 0.34133915625 0.4052734375 0.34133915625 0.4130859375 0.3362445421875 0.421875 0.32478165937500003 0.427734375 0.306950509375 0.427734375 0.2840247453125 0.423828125 0.268740903125 0.4130859375 0.2547307125 0.4033203125 0.24963609843749998 0.3935546875 0.24963609843749998 0.3876953125 0.25218340625 0.3818359375 0.2572780203125 0.373046875 0.268740903125 0.369140625 0.27893013125 0.3671875 0.289119359375 0.3671875 0.3044032015625 0.369140625 0.31459243125 0.373046875 0.32478165937500003
1 0.470703125 0.3884643375 0.4814453125 0.40247452656249993 0.4931640625 0.41011644843750006 0.5126953125 0.41011644843750006 0.5205078125 0.405021834375 0.52734375 0.396106259375 0.53125 0.38591703125 0.53125 0.362991265625 0.525390625 0.3477074234375 0.5185546875 0.3387918484375 0.5126953125 0.333697234375 0.5068359375 0.33114992656250003 0.4853515625 0.33114992656250003 0.4755859375 0.3362445421875 0.46875 0.3451601171875 0.46484375 0.3553493453125 0.46484375 0.3731804953125 0.466796875 0.380822415625 0.470703125 0.3884643375
1 0.5966796875 0.369359534375 0.6123046875 0.369359534375 0.6240234375 0.3642649203125 0.6279296875 0.3617176125 0.634765625 0.3528020375 0.638671875 0.342612809375 0.638671875 0.33242358125 0.63671875 0.32732896718750004 0.6162109375 0.3031295484375 0.6103515625 0.298034934375 0.6044921875 0.29548762812499996 0.5947265625 0.29548762812499996 0.5849609375 0.3005822421875 0.57421875 0.31459243125 0.572265625 0.3196870453125 0.5703125 0.3375181953125 0.57421875 0.35025473125 0.5849609375 0.3642649203125 0.5966796875 0.369359534375
1 0.59765625 0.4394104796875 0.6064453125 0.4508733625 0.6103515625 0.4534206703125 0.6162109375 0.4559679765625 0.6357421875 0.4559679765625 0.6416015625 0.4508733625 0.65234375 0.434315865625 0.654296875 0.4266739453125 0.654296875 0.40374818125 0.650390625 0.3935589515625 0.6455078125 0.38719068437500004 0.6357421875 0.37954876249999997 0.6201171875 0.37954876249999997 0.6064453125 0.38464337656250003 0.59765625 0.396106259375 0.59375 0.40374818125 0.591796875 0.4113901015625 0.591796875 0.4215793296875 0.59375 0.42922125156249996 0.59765625 0.4394104796875
1 0.6845703125 0.389737990625 0.6982421875 0.39737991250000004 0.7158203125 0.39737991250000004 0.7216796875 0.39483260625 0.732421875 0.380822415625 0.734375 0.37572780156249996 0.734375 0.3528020375 0.73046875 0.342612809375 0.7197265625 0.3286026203125 0.7080078125 0.3209606984375 0.6923828125 0.3209606984375 0.6865234375 0.32350800625 0.6806640625 0.3286026203125 0.673828125 0.3375181953125 0.671875 0.342612809375 0.671875 0.36808588124999997 0.67578125 0.378275109375 0.6845703125 0.389737990625
1 0.716796875 0.306950509375 0.7314453125 0.3209606984375 0.7373046875 0.32350800625 0.7529296875 0.32350800625 0.7607421875 0.3184133921875 0.771484375 0.3044032015625 0.775390625 0.2942139734375 0.775390625 0.250909753125 0.7705078125 0.241994178125 0.7607421875 0.23435225625 0.7529296875 0.2318049484375 0.7353515625 0.2318049484375 0.7294921875 0.23435225625 0.7255859375 0.2368995640625 0.716796875 0.2483624453125 0.7109375 0.26109898125000003 0.708984375 0.2763828234375 0.708984375 0.2840247453125 0.7109375 0.2916666671875 0.716796875 0.306950509375
1 0.7060546875 0.22671033437500002 0.7158203125 0.22671033437500002 0.7236328125 0.2216157203125 0.736328125 0.20505822343750002 0.740234375 0.197416303125 0.7421875 0.18977438124999998 0.7421875 0.1744905390625 0.73828125 0.164301309375 0.7333984375 0.15793304218749998 0.7255859375 0.15283842812499998 0.7177734375 0.15283842812499998 0.7041015625 0.16048035 0.693359375 0.1770378453125 0.69140625 0.1846797671875 0.69140625 0.21015283906249999 0.6982421875 0.2216157203125 0.7060546875 0.22671033437500002
1 0.7763671875 0.1961426484375 0.7841796875 0.20123726406250003 0.7939453125 0.2037845703125 0.8017578125 0.20123726406250003 0.80859375 0.1948689953125 0.81640625 0.179585153125 0.81640625 0.164301309375 0.810546875 0.14647015937500002 0.7998046875 0.1324599703125 0.7939453125 0.12736535625 0.7802734375 0.12736535625 0.7744140625 0.1324599703125 0.765625 0.143922853125 0.76171875 0.15411208125 0.76171875 0.17194323125 0.765625 0.182132459375 0.7763671875 0.1961426484375
1 0.5537109375 0.22925764218750003 0.5634765625 0.23435225625 0.5791015625 0.23435225625 0.5869140625 0.22925764218750003 0.59375 0.2203420671875 0.59765625 0.21015283906249999 0.59765625 0.18977438124999998 0.59375 0.179585153125 0.5869140625 0.170669578125 0.5751953125 0.16302765624999999 0.5615234375 0.16048035 0.5498046875 0.1655749640625 0.54296875 0.1744905390625 0.5390625 0.1846797671875 0.5390625 0.20760553124999997 0.541015625 0.2127001453125 0.5537109375 0.22925764218750003
1 0.5146484375 0.15283842812499998 0.5224609375 0.155385734375 0.5322265625 0.15283842812499998 0.5419921875 0.14519650625 0.548828125 0.133733625 0.55078125 0.126091703125 0.55078125 0.108260553125 0.546875 0.098071325 0.5380859375 0.0866084421875 0.5341796875 0.0840611359375 0.5166015625 0.0840611359375 0.5068359375 0.09170305625 0.494140625 0.1057132453125 0.4921875 0.11080786093749999 0.4921875 0.12354439531250001 0.494140625 0.12863901093750002 0.5146484375 0.15283842812499998
1 0.595703125 0.080240175 0.6025390625 0.08915575 0.6123046875 0.0967976703125 0.6240234375 0.09934497812500001 0.6318359375 0.0967976703125 0.6396484375 0.09170305625 0.650390625 0.0776928671875 0.658203125 0.057314410937500004 0.658203125 0.044577875 0.654296875 0.034388646875 0.6435546875 0.0203784578125 0.6259765625 0.007641921875000001 0.6123046875 0.007641921875000001 0.6044921875 0.012736535937499998 0.595703125 0.0241994171875 0.591796875 0.034388646875 0.58984375 0.0420305671875 0.58984375 0.059861717187499996 0.591796875 0.07005094687499999 0.595703125 0.080240175
1 0.4931640625 0 0.4853515625 0.0050946140625 0.4765625 0.016557496875 0.47265625 0.0241994171875 0.47265625 0.047125181249999995 0.474609375 0.05476710312500001 0.4814453125 0.063682678125 0.4853515625 0.0662299859375 0.5087890625 0.0662299859375 0.5146484375 0.063682678125 0.5244140625 0.056040756250000004 0.53125 0.047125181249999995 0.53515625 0.036935953125 0.53515625 0.0216521109375 0.533203125 0.014010189062500001 0.529296875 0.0063682671875 0.5224609375 0 0.4931640625 0
1 0.3974609375 0.20887918437500003 0.4033203125 0.21142649218749998 0.4189453125 0.21142649218749998 0.4287109375 0.2037845703125 0.43359375 0.197416303125 0.439453125 0.1770378453125 0.439453125 0.169395925 0.435546875 0.151564775 0.4248046875 0.137554584375 0.4208984375 0.135007278125 0.4052734375 0.135007278125 0.3974609375 0.1401018921875 0.392578125 0.14647015937500002 0.388671875 0.15665938906250002 0.38671875 0.164301309375 0.38671875 0.18977438124999998 0.390625 0.199963609375 0.3974609375 0.20887918437500003
1 0.2685546875 0.1783115 0.2783203125 0.18340611406250001 0.2919921875 0.18340611406250001 0.3056640625 0.1757641921875 0.31640625 0.161754003125 0.3203125 0.143922853125 0.3203125 0.133733625 0.318359375 0.12354439531250001 0.3076171875 0.1069869 0.2958984375 0.09934497812500001 0.2783203125 0.09934497812500001 0.2646484375 0.10953420625000002 0.2578125 0.1209970890625 0.25390625 0.1311863171875 0.25390625 0.1490174671875 0.2578125 0.161754003125 0.2685546875 0.1783115
1 0.2998046875 0.244541484375 0.3134765625 0.25218340625 0.3193359375 0.25218340625 0.3291015625 0.24708879218750002 0.337890625 0.235625909375 0.341796875 0.22543668125 0.341796875 0.21015283906249999 0.337890625 0.197416303125 0.3310546875 0.18850072812500002 0.3251953125 0.1859534203125 0.3154296875 0.1859534203125 0.2998046875 0.19359534218750002 0.294921875 0.199963609375 0.291015625 0.21015283906249999 0.291015625 0.2279839890625 0.294921875 0.2381732171875 0.2998046875 0.244541484375
1 0.1767578125 0.2903930125 0.1884765625 0.2903930125 0.2060546875 0.2852983984375 0.2099609375 0.2827510921875 0.220703125 0.268740903125 0.224609375 0.25600436718749997 0.224609375 0.235625909375 0.216796875 0.21524745312500002 0.2060546875 0.20123726406250003 0.1904296875 0.19359534218750002 0.1826171875 0.19359534218750002 0.1650390625 0.20123726406250003 0.158203125 0.21015283906249999 0.15234375 0.22543668125 0.15234375 0.25600436718749997 0.1630859375 0.280203784375 0.1767578125 0.2903930125
1 0.048828125 0.3196870453125 0.0556640625 0.3286026203125 0.0654296875 0.3362445421875 0.0810546875 0.3362445421875 0.0888671875 0.33114992656250003 0.103515625 0.3120451234375 0.10546875 0.306950509375 0.10546875 0.2840247453125 0.1015625 0.2738355171875 0.0927734375 0.262372634375 0.0849609375 0.2572780203125 0.0771484375 0.2547307125 0.0634765625 0.2572780203125 0.0517578125 0.26491994218750003 0.044921875 0.2763828234375 0.04296875 0.2814774375 0.04296875 0.3018558953125 0.044921875 0.30949781718749997 0.048828125 0.3196870453125
1 0.1103515625 0.389737990625 0.1162109375 0.3922852984375 0.1279296875 0.3922852984375 0.1357421875 0.38719068437500004 0.14453125 0.37572780156249996 0.1484375 0.36553857343749996 0.1484375 0.3477074234375 0.146484375 0.342612809375 0.1357421875 0.3286026203125 0.1298828125 0.32605531249999997 0.1181640625 0.32605531249999997 0.1103515625 0.33114992656250003 0.1015625 0.342612809375 0.099609375 0.3477074234375 0.099609375 0.36808588124999997 0.103515625 0.380822415625 0.1103515625 0.389737990625
1 0.1884765625 0.369359534375 0.1982421875 0.371906840625 0.2119140625 0.3668122265625 0.220703125 0.3553493453125 0.224609375 0.3451601171875 0.224609375 0.3196870453125 0.22265625 0.31459243125 0.2119140625 0.3031295484375 0.2041015625 0.3005822421875 0.1904296875 0.3031295484375 0.1865234375 0.30567685624999996 0.177734375 0.3171397375 0.17578125 0.3222343515625 0.173828125 0.33242358125 0.173828125 0.342612809375 0.17578125 0.3528020375 0.1884765625 0.369359534375
1 0.2548828125 0.41011644843750006 0.2587890625 0.4126637546875 0.2763671875 0.4126637546875 0.2822265625 0.41011644843750006 0.294921875 0.396106259375 0.298828125 0.38591703125 0.298828125 0.36553857343749996 0.294921875 0.3553493453125 0.2880859375 0.3464337703125 0.2744140625 0.3387918484375 0.2587890625 0.3387918484375 0.2529296875 0.34133915625 0.2470703125 0.3464337703125 0.240234375 0.3553493453125 0.23828125 0.360443959375 0.236328125 0.36808588124999997 0.236328125 0.37572780156249996 0.2421875 0.3935589515625 0.2548828125 0.41011644843750006
1 0.1611328125 0.4508733625 0.1689453125 0.4559679765625 0.1806640625 0.4559679765625 0.1845703125 0.4534206703125 0.193359375 0.4419577875 0.197265625 0.431768559375 0.197265625 0.413937409375 0.1953125 0.4062954875 0.1884765625 0.39737991250000004 0.1767578125 0.389737990625 0.1669921875 0.389737990625 0.1591796875 0.39483260625 0.15234375 0.4062954875 0.150390625 0.413937409375 0.150390625 0.42922125156249996 0.15625 0.44450509531250004 0.1611328125 0.4508733625
1 0.2421875 0.503093159375 0.2490234375 0.5120087343749999 0.2568359375 0.5171033484375 0.2724609375 0.5171033484375 0.2802734375 0.5120087343749999 0.2890625 0.5005458515625001 0.294921875 0.48016739375000006 0.294921875 0.469978165625 0.29296875 0.4623362453125 0.2890625 0.4546943234375 0.2783203125 0.443231440625 0.2685546875 0.4381368265625 0.2548828125 0.4381368265625 0.2470703125 0.443231440625 0.2421875 0.449599709375 0.236328125 0.4623362453125 0.234375 0.469978165625 0.234375 0.48016739375000006 0.236328125 0.49035662343749997 0.2421875 0.503093159375
1 0.1962890625 0.56040756875 0.2080078125 0.5655021828125 0.2177734375 0.5629548765625 0.2216796875 0.56040756875 0.234375 0.5438500734375 0.236328125 0.5387554578125 0.23828125 0.5260189234375 0.236328125 0.5183770015625 0.2265625 0.49799854374999997 0.2197265625 0.49163027656249997 0.2138671875 0.48908296875 0.1962890625 0.48908296875 0.1923828125 0.49163027656249997 0.18359375 0.503093159375 0.181640625 0.5081877734375 0.1796875 0.523471615625 0.181640625 0.5362081515625 0.185546875 0.5463973796875 0.1962890625 0.56040756875
1 0.0888671875 0.6368267828125 0.0986328125 0.6444687046875 0.1181640625 0.6444687046875 0.1240234375 0.639374090625 0.134765625 0.6253639015625 0.138671875 0.615174671875 0.140625 0.6024381375 0.138671875 0.5871542937500001 0.1328125 0.5744177578125 0.1201171875 0.5629548765625 0.1142578125 0.56040756875 0.0986328125 0.56040756875 0.0888671875 0.568049490625 0.080078125 0.579512371875 0.078125 0.5846069875000001 0.076171875 0.5922489078125001 0.076171875 0.6126273656250001 0.078125 0.6202692875 0.0888671875 0.6368267828125
1 0 0.5744177578125 0.0048828125 0.5807860265625 0.0146484375 0.585880640625 0.0302734375 0.585880640625 0.0380859375 0.5807860265625 0.048828125 0.5667758375 0.052734375 0.559133915625 0.052734375 0.53366084375 0.046875 0.5209243078125 0.0361328125 0.5094614265625 0.0302734375 0.5069141187499999 0.0166015625 0.5069141187499999 0.0087890625 0.5120087343749999 0 0.523471615625 0 0.5744177578125
1 0.0341796875 0.7540029109375 0.0400390625 0.75655021875 0.0576171875 0.75655021875 0.0634765625 0.7540029109375 0.07421875 0.739992721875 0.078125 0.72980349375 0.080078125 0.719614265625 0.078125 0.7043304218750001 0.07421875 0.6966885 0.0654296875 0.68522561875 0.0615234375 0.6826783109375001 0.0556640625 0.6801310046875 0.0400390625 0.6801310046875 0.0341796875 0.6826783109375001 0.025390625 0.6941411937499999 0.021484375 0.7043304218750001 0.01953125 0.71451965 0.021484375 0.7323508000000001 0.025390625 0.7425400296875 0.0341796875 0.7540029109375
1 0.0302734375 0.838064046875 0.0419921875 0.8457059687499999 0.0576171875 0.8457059687499999 0.0634765625 0.8431586609374999 0.076171875 0.8291484718750001 0.080078125 0.81895924375 0.080078125 0.7934861718749999 0.076171875 0.78584425 0.0693359375 0.776928675 0.0654296875 0.7743813687500001 0.0595703125 0.7718340609375 0.0439453125 0.7718340609375 0.0283203125 0.7794759828125 0.021484375 0.7883915578125 0.01953125 0.7934861718749999 0.01953125 0.8164119359375 0.02734375 0.8342430859375 0.0302734375 0.838064046875
1 0.1220703125 0.79221251875 0.1318359375 0.7973071328125 0.1416015625 0.7973071328125 0.1513671875 0.79221251875 0.1640625 0.775655021875 0.16796875 0.7629184859375 0.16796875 0.7450873359375 0.166015625 0.739992721875 0.1572265625 0.728529840625 0.1533203125 0.7259825328125 0.1220703125 0.7259825328125 0.1142578125 0.7310771468749999 0.111328125 0.7348981078125 0.107421875 0.7450873359375 0.107421875 0.76546579375 0.111328125 0.7782023296875 0.1220703125 0.79221251875
1 0.1416015625 0.92212518125 0.1455078125 0.9246724890625 0.1513671875 0.927219796875 0.1591796875 0.927219796875 0.1650390625 0.9246724890625 0.1748046875 0.9170305671874999 0.185546875 0.903020378125 0.1875 0.8953784578124999 0.1875 0.8724526921875 0.18359375 0.8622634640625 0.1767578125 0.8533478890625 0.1689453125 0.848253275 0.1494140625 0.848253275 0.1435546875 0.8508005828125 0.1396484375 0.8533478890625 0.12890625 0.8673580781249999 0.126953125 0.8724526921875 0.126953125 0.8928311499999999 0.13671875 0.9157569140625 0.1416015625 0.92212518125
1 0.2177734375 0.9858078609375 0.2255859375 0.9909024750000001 0.2431640625 0.9909024750000001 0.2470703125 0.9883551671875 0.255859375 0.9768922859375 0.26171875 0.9590611359375 0.26171875 0.94887190625 0.2578125 0.9335880640625 0.2490234375 0.92212518125 0.2412109375 0.9170305671874999 0.2294921875 0.9170305671874999 0.2236328125 0.9195778750000001 0.2177734375 0.9246724890625 0.208984375 0.9386826781250001 0.20703125 0.9437772921875001 0.20703125 0.9667030562500001 0.2109375 0.9768922859375 0.2177734375 0.9858078609375
1 0.2470703125 0.7718340609375 0.2666015625 0.7667394468750001 0.28125 0.7425400296875 0.28125 0.72980349375 0.275390625 0.7094250359375 0.2666015625 0.7005094609375 0.2568359375 0.695414846875 0.2470703125 0.695414846875 0.2333984375 0.70305676875 0.228515625 0.7094250359375 0.22265625 0.722161571875 0.220703125 0.7450873359375 0.2314453125 0.7616448328125001 0.2373046875 0.7667394468750001 0.2470703125 0.7718340609375
1 0.3349609375 0.7157933046875 0.3427734375 0.72088791875 0.3505859375 0.723435225 0.3583984375 0.72088791875 0.3662109375 0.7157933046875 0.375 0.7043304218750001 0.376953125 0.6966885 0.376953125 0.6712154296875 0.37109375 0.6559315859375 0.3583984375 0.641921396875 0.3544921875 0.639374090625 0.3369140625 0.639374090625 0.3291015625 0.6444687046875 0.318359375 0.65847889375 0.31640625 0.6635735078125 0.31640625 0.686499271875 0.322265625 0.701783115625 0.3349609375 0.7157933046875
1 0.39453125 0.62281659375 0.4033203125 0.6342794765625 0.4111328125 0.639374090625 0.4287109375 0.639374090625 0.4365234375 0.6342794765625 0.443359375 0.6253639015625 0.451171875 0.6075327515625 0.451171875 0.5922489078125001 0.447265625 0.579512371875 0.4404296875 0.568049490625 0.4345703125 0.5629548765625 0.4287109375 0.56040756875 0.4150390625 0.56040756875 0.4091796875 0.5629548765625 0.4033203125 0.568049490625 0.390625 0.5846069875000001 0.388671875 0.5922489078125001 0.388671875 0.6024381375 0.390625 0.6126273656250001 0.39453125 0.62281659375
1 0.45703125 0.6610262015624999 0.4677734375 0.675036390625 0.4775390625 0.6801310046875 0.4912109375 0.6801310046875 0.5029296875 0.675036390625 0.51171875 0.666120815625 0.51953125 0.648289665625 0.51953125 0.630458515625 0.515625 0.6177219796875 0.5068359375 0.606259096875 0.4990234375 0.6011644828125 0.4794921875 0.6011644828125 0.4736328125 0.603711790625 0.4658203125 0.6088064046875 0.45703125 0.62281659375 0.453125 0.633005821875 0.453125 0.6457423578125 0.455078125 0.6559315859375 0.45703125 0.6610262015624999
1 0.5009765625 0.7641921390624999 0.5146484375 0.7667394468750001 0.5224609375 0.7616448328125001 0.533203125 0.75018195 0.5390625 0.737445415625 0.5390625 0.722161571875 0.537109375 0.71451965 0.533203125 0.7068777296875 0.5224609375 0.695414846875 0.5068359375 0.687772925 0.4912109375 0.692867540625 0.4853515625 0.6979621546875 0.4765625 0.7119723437500001 0.474609375 0.722161571875 0.478515625 0.739992721875 0.4912109375 0.7590975249999999 0.5009765625 0.7641921390624999
1 0.4033203125 0.883915575 0.4150390625 0.883915575 0.4228515625 0.8788209609375001 0.431640625 0.8673580781249999 0.4375 0.849526928125 0.439453125 0.8342430859375 0.43359375 0.8113173218749999 0.4296875 0.8036754 0.4208984375 0.79221251875 0.4150390625 0.7871179046875 0.4091796875 0.784570596875 0.3955078125 0.784570596875 0.3876953125 0.7896652109375 0.37890625 0.80112809375 0.375 0.8113173218749999 0.373046875 0.82150655 0.373046875 0.8418850078125001 0.3779296875 0.8788209609375001 0.4033203125 0.883915575
1 0.3310546875 0.8151382828125 0.3427734375 0.8151382828125 0.3525390625 0.812590975 0.3603515625 0.8074963609375001 0.3671875 0.7985807859375 0.37109375 0.7909388640625 0.373046875 0.78329694375 0.373046875 0.7731077140625 0.37109375 0.7680131 0.3623046875 0.75655021875 0.3564453125 0.7540029109375 0.3369140625 0.7540029109375 0.3251953125 0.7641921390624999 0.3203125 0.7705604078125 0.31640625 0.7807496359375 0.31640625 0.7934861718749999 0.3203125 0.8036754 0.3310546875 0.8151382828125
1 0.3291015625 0.8941048031250001 0.3330078125 0.8966521109375 0.3486328125 0.8966521109375 0.3564453125 0.8915574968750001 0.361328125 0.885189228125 0.365234375 0.875 0.365234375 0.849526928125 0.36328125 0.8444323140625001 0.3544921875 0.8329694328125001 0.3505859375 0.8304221249999999 0.3310546875 0.8304221249999999 0.3232421875 0.8355167390625 0.31640625 0.846979621875 0.314453125 0.8520742359375 0.314453125 0.8699053859375001 0.31640625 0.8775473078125 0.3291015625 0.8941048031250001
1 0.35546875 0.9768922859375 0.3681640625 0.9909024750000001 0.3798828125 0.99344978125 0.3896484375 0.9883551671875 0.3974609375 0.9807132453125 0.404296875 0.9692503640625001 0.412109375 0.936135371875 0.412109375 0.9157569140625 0.408203125 0.9081149921874999 0.4013671875 0.901746725 0.3876953125 0.8966521109375 0.3740234375 0.8966521109375 0.3681640625 0.8991994171875 0.3583984375 0.9068413390625001 0.349609375 0.9208515281249999 0.34765625 0.92849345 0.345703125 0.9463246 0.34765625 0.9590611359375 0.3515625 0.9692503640625001 0.35546875 0.9768922859375
1 0.4560546875 0.937409025 0.4619140625 0.93995633125 0.4755859375 0.93995633125 0.4794921875 0.937409025 0.490234375 0.9233988359374999 0.494140625 0.9157569140625 0.494140625 0.8928311499999999 0.4921875 0.8877365359375 0.4833984375 0.876273653125 0.4716796875 0.8686317328125 0.4599609375 0.8686317328125 0.4560546875 0.8711790390624999 0.447265625 0.8826419218750001 0.443359375 0.8902838421875 0.44140625 0.8953784578124999 0.44140625 0.91320960625 0.443359375 0.9208515281249999 0.4560546875 0.937409025
1 0.4970703125 0.9985443953124999 0.5458984375 0.9985443953124999 0.55078125 0.9921761281249999 0.552734375 0.9870815140625 0.552734375 0.9616084421875 0.546875 0.9463246 0.5400390625 0.937409025 0.5302734375 0.9297671031249999 0.5244140625 0.927219796875 0.5166015625 0.927219796875 0.5068359375 0.9297671031249999 0.5029296875 0.9323144109375001 0.4921875 0.9463246 0.490234375 0.9514192140625 0.48828125 0.9590611359375 0.48828125 0.9768922859375 0.4921875 0.9921761281249999 0.4970703125 0.9985443953124999
1 0.4873046875 0.5451237265625 0.4912109375 0.5476710328125 0.5126953125 0.5476710328125 0.5205078125 0.54257641875 0.52734375 0.53366084375 0.53125 0.523471615625 0.533203125 0.51582969375 0.533203125 0.503093159375 0.53125 0.49545123750000003 0.529296875 0.49035662343749997 0.5185546875 0.476346434375 0.5146484375 0.4737991265625 0.5087890625 0.47125181875 0.4951171875 0.47125181875 0.4892578125 0.4737991265625 0.4853515625 0.476346434375 0.47265625 0.49290392968749996 0.470703125 0.5005458515625001 0.470703125 0.5183770015625 0.474609375 0.5285662296875 0.4873046875 0.5451237265625
1 0.5673828125 0.5705967984375 0.5712890625 0.5731441046875 0.5771484375 0.5756914125 0.5927734375 0.5756914125 0.5966796875 0.5731441046875 0.607421875 0.559133915625 0.611328125 0.5489446874999999 0.611328125 0.5260189234375 0.607421875 0.51582969375 0.6025390625 0.5069141187499999 0.5888671875 0.496724890625 0.5732421875 0.496724890625 0.5654296875 0.5018195046875 0.556640625 0.5132823875 0.552734375 0.523471615625 0.55078125 0.53366084375 0.552734375 0.5463973796875 0.556640625 0.5565866078124999 0.5673828125 0.5705967984375
1 0.6083984375 0.6368267828125 0.6162109375 0.639374090625 0.6279296875 0.639374090625 0.6376953125 0.6342794765625 0.64453125 0.6253639015625 0.646484375 0.6202692875 0.6484375 0.6126273656250001 0.6484375 0.594796215625 0.64453125 0.5846069875000001 0.6376953125 0.5756914125 0.6337890625 0.5731441046875 0.6279296875 0.5705967984375 0.6142578125 0.5731441046875 0.6083984375 0.57823871875 0.59765625 0.5922489078125001 0.595703125 0.597343521875 0.595703125 0.6177219796875 0.6015625 0.630458515625 0.6083984375 0.6368267828125
1 0.6103515625 0.7667394468750001 0.6181640625 0.7718340609375 0.6279296875 0.7743813687500001 0.6337890625 0.7743813687500001 0.6396484375 0.7718340609375 0.6455078125 0.7667394468750001 0.654296875 0.7527292578125 0.658203125 0.737445415625 0.658203125 0.722161571875 0.654296875 0.7068777296875 0.650390625 0.6992358078125 0.6376953125 0.6826783109375001 0.6337890625 0.6801310046875 0.6162109375 0.6801310046875 0.6103515625 0.6826783109375001 0.603515625 0.6915938859375 0.6015625 0.6966885 0.595703125 0.7247088796875001 0.595703125 0.7450873359375 0.599609375 0.7552765640625 0.6103515625 0.7667394468750001
1 0.71484375 0.5769650656249999 0.7275390625 0.5935225625 0.7412109375 0.5986171765625 0.7509765625 0.59606986875 0.7666015625 0.5833333328125 0.771484375 0.5744177578125 0.7734375 0.5667758375 0.7734375 0.5565866078124999 0.76953125 0.541302765625 0.7587890625 0.5272925765625 0.7509765625 0.5221979625000001 0.7451171875 0.5196506546874999 0.7353515625 0.5196506546874999 0.7294921875 0.5221979625000001 0.7216796875 0.5272925765625 0.712890625 0.5438500734375 0.7109375 0.55149199375 0.7109375 0.5642285296875 0.712890625 0.5718704515625 0.71484375 0.5769650656249999
1 0.7685546875 0.713245996875 0.7744140625 0.7157933046875 0.7919921875 0.7157933046875 0.8017578125 0.710698690625 0.80859375 0.701783115625 0.8125 0.6890465796874999 0.8125 0.67631004375 0.80859375 0.6610262015624999 0.7998046875 0.6495633187500001 0.7822265625 0.639374090625 0.7763671875 0.639374090625 0.7705078125 0.641921396875 0.75390625 0.6635735078125 0.751953125 0.668668121875 0.75 0.6788573515625 0.75390625 0.6941411937499999 0.7607421875 0.705604075 0.7685546875 0.713245996875
1 0.8349609375 0.7183406109375 0.8447265625 0.7259825328125 0.8623046875 0.7259825328125 0.869140625 0.7170669578125 0.87890625 0.6992358078125 0.8828125 0.6890465796874999 0.8828125 0.67631004375 0.880859375 0.666120815625 0.876953125 0.6559315859375 0.8720703125 0.6495633187500001 0.8642578125 0.6444687046875 0.8583984375 0.641921396875 0.8486328125 0.641921396875 0.8408203125 0.6444687046875 0.8349609375 0.6495633187500001 0.826171875 0.6610262015624999 0.822265625 0.6737627359375 0.822265625 0.6915938859375 0.826171875 0.7068777296875 0.8349609375 0.7183406109375
1 0.8818359375 0.6291848609375 0.8955078125 0.6368267828125 0.9033203125 0.6368267828125 0.9130859375 0.6317321687499999 0.921875 0.6202692875 0.92578125 0.6100800578125 0.92578125 0.5897016015625 0.919921875 0.5744177578125 0.9091796875 0.56040756875 0.9013671875 0.5553129546875 0.8818359375 0.5553129546875 0.8759765625 0.5578602625 0.869140625 0.5667758375 0.865234375 0.5769650656249999 0.86328125 0.5871542937500001 0.865234375 0.6024381375 0.869140625 0.6126273656250001 0.8818359375 0.6291848609375
1 0.8642578125 0.5094614265625 0.8701171875 0.514556040625 0.8759765625 0.5171033484375 0.8916015625 0.5171033484375 0.8994140625 0.5120087343749999 0.91015625 0.49799854374999997 0.912109375 0.49035662343749997 0.912109375 0.46488355156249994 0.908203125 0.45214701562500004 0.8994140625 0.4381368265625 0.8857421875 0.43049490468749996 0.8720703125 0.43049490468749996 0.8583984375 0.4381368265625 0.8515625 0.44705240156250003 0.84765625 0.4572416296875 0.84765625 0.4827147015625 0.8515625 0.49290392968749996 0.8642578125 0.5094614265625
1 1 0.4215793296875 0.9912109375 0.41011644843750006 0.9794921875 0.405021834375 0.9677734375 0.405021834375 0.9599609375 0.407569140625 0.9521484375 0.41521106249999995 0.947265625 0.4241266375 0.9453125 0.434315865625 0.9453125 0.44705240156250003 0.947265625 0.4546943234375 0.94921875 0.45978893750000005 0.9638671875 0.47889374062499995 0.9697265625 0.4814410484375 0.9755859375 0.4814410484375 0.9814453125 0.47889374062499995 0.9892578125 0.4737991265625 1 0.45978893750000005 1 0.4215793296875
1 0.8486328125 0.3540756921875 0.8525390625 0.3566229984375 0.8740234375 0.3566229984375 0.8779296875 0.3540756921875 0.892578125 0.33497088750000004 0.89453125 0.32732896718750004 0.89453125 0.31459243125 0.892578125 0.306950509375 0.890625 0.3018558953125 0.8779296875 0.2852983984375 0.8642578125 0.280203784375 0.8544921875 0.280203784375 0.8447265625 0.2852983984375 0.833984375 0.2993085875 0.83203125 0.3044032015625 0.83203125 0.32732896718750004 0.8359375 0.3375181953125 0.8486328125 0.3540756921875
1 0.9052734375 0.298034934375 0.9130859375 0.3031295484375 0.9248046875 0.3031295484375 0.9384765625 0.298034934375 0.9423828125 0.29548762812499996 0.947265625 0.289119359375 0.94921875 0.2840247453125 0.951171875 0.2763828234375 0.94921875 0.26364628749999997 0.9453125 0.25600436718749997 0.9365234375 0.244541484375 0.9287109375 0.23944687031249998 0.9228515625 0.2368995640625 0.9072265625 0.23435225625 0.9013671875 0.2368995640625 0.892578125 0.25345705937499996 0.890625 0.26109898125000003 0.890625 0.271288209375 0.892578125 0.27893013125 0.9052734375 0.298034934375
1 1 0.49290392968749996 0.9970703125 0.49163027656249997 0.9873046875 0.496724890625 0.9765625 0.5107350796875 0.974609375 0.5183770015625 0.974609375 0.541302765625 0.98046875 0.5540393015625 0.9873046875 0.5629548765625 0.9931640625 0.568049490625 0.9990234375 0.5705967984375 1 0.5693231437499999 1 0.49290392968749996
1 0.9208984375 0.8151382828125 0.9248046875 0.8176855890624999 0.9326171875 0.8202328968750001 0.9521484375 0.8202328968750001 0.9560546875 0.8176855890624999 0.9609375 0.8113173218749999 0.966796875 0.796033478125 0.966796875 0.7731077140625 0.96484375 0.76546579375 0.9560546875 0.7540029109375 0.9423828125 0.7463609890625 0.9345703125 0.7463609890625 0.9267578125 0.748908296875 0.9140625 0.7629184859375 0.91015625 0.7731077140625 0.908203125 0.78584425 0.91015625 0.7985807859375 0.912109375 0.8036754 0.9208984375 0.8151382828125
1 0.8681640625 0.8151382828125 0.8720703125 0.8176855890624999 0.8837890625 0.8176855890624999 0.8935546875 0.812590975 0.8984375 0.8062227078124999 0.900390625 0.80112809375 0.8984375 0.7629184859375 0.89453125 0.7527292578125 0.8857421875 0.741266375 0.8759765625 0.7361717609375 0.8662109375 0.7361717609375 0.8623046875 0.73871906875 0.857421875 0.7450873359375 0.85546875 0.75018195 0.85546875 0.7934861718749999 0.861328125 0.8062227078124999 0.8681640625 0.8151382828125
1 1 0.739992721875 0.9970703125 0.73871906875 0.9931640625 0.741266375 0.982421875 0.7552765640625 0.98046875 0.7603711796875 0.978515625 0.7680131 0.978515625 0.78329694375 0.98046875 0.7909388640625 0.9912109375 0.8074963609375001 0.9970703125 0.812590975 0.9990234375 0.812590975 1 0.8113173218749999 1 0.739992721875
1 0.8037109375 0.9985443953124999 0.8046875 0.9972707421875 0.8046875 0.9921761281249999 0.80078125 0.9794395921874999 0.7919921875 0.9679767109374999 0.7802734375 0.9603347890625 0.7646484375 0.9603347890625 0.7568359375 0.965429403125 0.74609375 0.9794395921874999 0.744140625 0.98453420625 0.744140625 0.9972707421875 0.7451171875 0.9985443953124999 0.8037109375 0.9985443953124999
1 0.7294921875 0.9985443953124999 0.732421875 0.9947234359375001 0.734375 0.9819869000000001 0.734375 0.9692503640625001 0.73046875 0.9590611359375 0.7216796875 0.947598253125 0.7177734375 0.9450509468750001 0.7119140625 0.9425036390624999 0.7001953125 0.9425036390624999 0.6943359375 0.9450509468750001 0.6884765625 0.9501455609375 0.677734375 0.96415575 0.67578125 0.9717976703125 0.67578125 0.9972707421875 0.6767578125 0.9985443953124999 0.7294921875 0.9985443953124999
1 0.9248046875 0.97561863125 0.9306640625 0.9781659390625 0.9365234375 0.9781659390625 0.9501953125 0.973071325 0.9580078125 0.9679767109374999 0.966796875 0.9565138281250001 0.970703125 0.9463246 0.97265625 0.9335880640625 0.970703125 0.9233988359374999 0.96484375 0.9106623 0.9541015625 0.901746725 0.9482421875 0.8991994171875 0.9306640625 0.8991994171875 0.9248046875 0.901746725 0.912109375 0.9183042218749999 0.91015625 0.9233988359374999 0.91015625 0.9437772921875001 0.9140625 0.9590611359375 0.9248046875 0.97561863125
1 1 0.9412299859375001 0.9990234375 0.93995633125 0.9873046875 0.9450509468750001 0.978515625 0.9565138281250001 0.974609375 0.9667030562500001 0.97265625 0.974344978125 0.97265625 0.98453420625 0.974609375 0.9947234359375001 0.9775390625 0.9985443953124999 0.9990234375 0.9985443953124999 1 0.9972707421875 1 0.9412299859375001
2 0.3173828125 0.5731441046875 0.3271484375 0.5807860265625 0.3330078125 0.5833333328125 0.3564453125 0.5833333328125 0.3642578125 0.5807860265625 0.3857421875 0.5655021828125 0.400390625 0.5463973796875 0.408203125 0.523471615625 0.41015625 0.5081877734375 0.41015625 0.487809315625 0.40625 0.469978165625 0.40234375 0.45978893750000005 0.3916015625 0.44577874843750004 0.3818359375 0.4381368265625 0.3759765625 0.4355895203125 0.3525390625 0.4355895203125 0.3349609375 0.44577874843750004 0.30859375 0.48016739375000006 0.298828125 0.505640465625 0.296875 0.5132823875 0.296875 0.5362081515625 0.3046875 0.559133915625 0.3173828125 0.5731441046875
0 0.673828125 0.6177219796875 0.673828125 0.6075327515625 0.6689453125 0.6011644828125 0.6650390625 0.5986171765625 0.6572265625 0.5986171765625 0.654296875 0.6024381375 0.65234375 0.6177219796875 0.6591796875 0.6266375546875 0.6669921875 0.6266375546875 0.673828125 0.6177219796875
0 0.5888671875 0.7183406109375 0.595703125 0.7119723437500001 0.595703125 0.7043304218750001 0.5908203125 0.695414846875 0.5830078125 0.695414846875 0.576171875 0.7043304218750001 0.576171875 0.7094250359375 0.5810546875 0.7183406109375 0.5888671875 0.7183406109375