3 0.2470703125 0.241994178125 0.2548828125 0.24708879218750002 0.2724609375 0.24708879218750002 0.2783203125 0.244541484375 0.287109375 0.233078603125 0.291015625 0.2228893734375 0.291015625 0.197416303125 0.287109375 0.187227075 0.2822265625 0.18085880625 0.2724609375 0.173216884375 0.2646484375 0.170669578125 0.2548828125 0.170669578125 0.2412109375 0.18085880625 0.23828125 0.1846797671875 0.234375 0.1948689953125 0.232421875 0.2025109171875 0.232421875 0.21524745312500002 0.236328125 0.2279839890625 0.2470703125 0.241994178125
1 0.3759765625 0.30567685624999996 0.3837890625 0.3107714703125 0.3955078125 0.3107714703125 0.3994140625 0.3082241625 0.404296875 0.3018558953125 0.41015625 0.2840247453125 0.41015625 0.2738355171875 0.404296875 0.25600436718749997 0.3994140625 0.24963609843749998 0.3916015625 0.244541484375 0.3759765625 0.244541484375 0.3720703125 0.24708879218750002 0.359375 0.2661935953125 0.357421875 0.271288209375 0.357421875 0.27893013125 0.361328125 0.289119359375 0.3759765625 0.30567685624999996
2 0.1845703125 0.6546579328125001 0.1943359375 0.659752546875 0.2041015625 0.659752546875 0.2255859375 0.6495633187500001 0.23828125 0.6355531296875 0.2421875 0.6253639015625 0.2421875 0.6075327515625 0.240234375 0.597343521875 0.234375 0.5846069875000001 0.2255859375 0.5756914125 0.2119140625 0.568049490625 0.1982421875 0.568049490625 0.1884765625 0.5756914125 0.177734375 0.5897016015625 0.173828125 0.6024381375 0.173828125 0.630458515625 0.1796875 0.648289665625 0.1845703125 0.6546579328125001
1 0.2548828125 0.24708879218750002 0.2724609375 0.24708879218750002 0.2802734375 0.241994178125 0.287109375 0.233078603125 0.291015625 0.2228893734375 0.291015625 0.197416303125 0.2890625 0.1923216890625 0.2841796875 0.18340611406250001 0.2705078125 0.173216884375 0.2646484375 0.170669578125 0.2568359375 0.170669578125 0.2509765625 0.173216884375 0.2451171875 0.1783115 0.234375 0.1948689953125 0.232421875 0.2127001453125 0.236328125 0.2279839890625 0.2451171875 0.23944687031249998 0.2548828125 0.24708879218750002
2 0.7236328125 0.5400291125 0.7265625 0.5362081515625 0.728515625 0.5311135375 0.728515625 0.51582969375 0.7236328125 0.5069141187499999 0.7158203125 0.5018195046875 0.7099609375 0.5018195046875 0.7041015625 0.5043668125 0.69921875 0.5107350796875 0.697265625 0.5183770015625 0.701171875 0.5285662296875 0.7158203125 0.5451237265625 0.7236328125 0.5400291125
0 0.7236328125 0.5400291125 0.7265625 0.5362081515625 0.728515625 0.5311135375 0.728515625 0.51582969375 0.7236328125 0.5069141187499999 0.7158203125 0.5018195046875 0.7099609375 0.5018195046875 0.7041015625 0.5043668125 0.69921875 0.5107350796875 0.697265625 0.5183770015625 0.701171875 0.5285662296875 0.7158203125 0.5451237265625 0.7236328125 0.5400291125
1 0.1708984375 0.32605531249999997 0.1845703125 0.3362445421875 0.1923828125 0.3387918484375 0.2021484375 0.3362445421875 0.2109375 0.32732896718750004 0.216796875 0.3120451234375 0.216796875 0.289119359375 0.21484375 0.2840247453125 0.2060546875 0.27256186250000003 0.2021484375 0.27001455625 0.1943359375 0.26746724843749997 0.1826171875 0.26746724843749997 0.1748046875 0.27001455625 0.1708984375 0.27256186250000003 0.162109375 0.286572053125 0.16015625 0.2942139734375 0.16015625 0.3044032015625 0.1640625 0.3171397375 0.1708984375 0.32605531249999997
1 0.2099609375 0.4203056765625 0.2177734375 0.425400290625 0.2314453125 0.425400290625 0.2412109375 0.4203056765625 0.25 0.40884279531249995 0.25390625 0.396106259375 0.25390625 0.378275109375 0.25 0.36808588124999997 0.2392578125 0.3540756921875 0.2333984375 0.351528384375 0.2177734375 0.351528384375 0.2099609375 0.3566229984375 0.19921875 0.3706331875 0.197265625 0.37572780156249996 0.197265625 0.398653565625 0.201171875 0.40884279531249995 0.2099609375 0.4203056765625
1 0.4072265625 0.4126637546875 0.4189453125 0.4177583703125 0.4248046875 0.4177583703125 0.4345703125 0.4126637546875 0.447265625 0.396106259375 0.451171875 0.38591703125 0.451171875 0.36553857343749996 0.447265625 0.3553493453125 0.4326171875 0.3464337703125 0.4169921875 0.3464337703125 0.4111328125 0.3489810765625 0.400390625 0.360443959375 0.396484375 0.3706331875 0.39453125 0.378275109375 0.39453125 0.3910116453125 0.396484375 0.398653565625 0.4072265625 0.4126637546875
1 0.353515625 0.5311135375 0.3662109375 0.54257641875 0.3759765625 0.54257641875 0.3798828125 0.5400291125 0.390625 0.5260189234375 0.396484375 0.5081877734375 0.3984375 0.487809315625 0.396484375 0.47252547343750007 0.39453125 0.467430859375 0.3876953125 0.45851528437500005 0.3837890625 0.4559679765625 0.3720703125 0.4534206703125 0.3662109375 0.4559679765625 0.353515625 0.47252547343750007 0.349609375 0.4827147015625 0.34765625 0.49290392968749996 0.34765625 0.5081877734375 0.349609375 0.5209243078125 0.353515625 0.5311135375
1 0.228515625 0.49035662343749997 0.2373046875 0.5018195046875 0.2451171875 0.5069141187499999 0.2568359375 0.5069141187499999 0.2607421875 0.5043668125 0.26953125 0.49290392968749996 0.2734375 0.48016739375000006 0.2734375 0.4572416296875 0.26953125 0.44705240156250003 0.2607421875 0.4355895203125 0.2568359375 0.4330422125 0.2412109375 0.4330422125 0.2333984375 0.4381368265625 0.23046875 0.4419577875 0.2265625 0.45214701562500004 0.224609375 0.4623362453125 0.224609375 0.4750727796875 0.2265625 0.48526200937499997 0.228515625 0.49035662343749997
1 0.2607421875 0.5935225625 0.2685546875 0.5986171765625 0.2861328125 0.5986171765625 0.2958984375 0.5935225625 0.30078125 0.5871542937500001 0.306640625 0.5744177578125 0.306640625 0.5565866078124999 0.298828125 0.53366084375 0.2900390625 0.5221979625000001 0.2841796875 0.5171033484375 0.2783203125 0.514556040625 0.2646484375 0.514556040625 0.2587890625 0.5171033484375 0.24609375 0.53366084375 0.244140625 0.5387554578125 0.244140625 0.5642285296875 0.248046875 0.5769650656249999 0.2607421875 0.5935225625
1 0.1767578125 0.56040756875 0.1865234375 0.56040756875 0.2119140625 0.5502183406250001 0.21875 0.5387554578125 0.22265625 0.5285662296875 0.22265625 0.505640465625 0.21875 0.49290392968749996 0.2119140625 0.4839883546875 0.2021484375 0.47889374062499995 0.1884765625 0.47889374062499995 0.1767578125 0.4839883546875 0.1728515625 0.4865356625 0.16015625 0.503093159375 0.158203125 0.5081877734375 0.16015625 0.5489446874999999 0.1630859375 0.5527656484375 0.1767578125 0.56040756875
1 0.1552734375 0.4687045125 0.1591796875 0.47125181875 0.1728515625 0.47125181875 0.1767578125 0.4687045125 0.1875 0.4546943234375 0.19140625 0.44450509531250004 0.19140625 0.434315865625 0.185546875 0.41648471562499995 0.1767578125 0.405021834375 0.1708984375 0.40247452656249993 0.1650390625 0.40247452656249993 0.1552734375 0.41011644843750006 0.150390625 0.41648471562499995 0.14453125 0.42922125156249996 0.142578125 0.4368631734375 0.142578125 0.44705240156250003 0.14453125 0.4546943234375 0.1552734375 0.4687045125
1 0.0908203125 0.4508733625 0.0947265625 0.4534206703125 0.1083984375 0.4534206703125 0.1142578125 0.4508733625 0.1240234375 0.443231440625 0.130859375 0.431768559375 0.13671875 0.413937409375 0.13671875 0.396106259375 0.130859375 0.378275109375 0.1240234375 0.371906840625 0.1162109375 0.369359534375 0.1083984375 0.369359534375 0.0986328125 0.3744541484375 0.0927734375 0.37954876249999997 0.087890625 0.38591703125 0.080078125 0.4012008734375 0.078125 0.40884279531249995 0.078125 0.42922125156249996 0.08203125 0.4394104796875 0.0908203125 0.4508733625
1 0.1015625 0.5132823875 0.1103515625 0.52474526875 0.1162109375 0.5272925765625 0.1259765625 0.5272925765625 0.1318359375 0.52474526875 0.142578125 0.5107350796875 0.146484375 0.503093159375 0.146484375 0.49035662343749997 0.14453125 0.48016739375000006 0.142578125 0.4750727796875 0.1357421875 0.46615720468750005 0.1318359375 0.4636098984375 0.1259765625 0.461062590625 0.1142578125 0.461062590625 0.1064453125 0.46615720468750005 0.09765625 0.48016739375000006 0.095703125 0.48526200937499997 0.095703125 0.49799854374999997 0.09765625 0.505640465625 0.1015625 0.5132823875
1 0.0400390625 0.5094614265625 0.0458984375 0.514556040625 0.0576171875 0.5171033484375 0.0693359375 0.5120087343749999 0.076171875 0.503093159375 0.083984375 0.48526200937499997 0.083984375 0.467430859375 0.080078125 0.4572416296875 0.0751953125 0.4508733625 0.0654296875 0.443231440625 0.0517578125 0.443231440625 0.0380859375 0.4508733625 0.033203125 0.4572416296875 0.029296875 0.467430859375 0.029296875 0.49035662343749997 0.033203125 0.5005458515625001 0.0400390625 0.5094614265625
1 0.0146484375 0.3464337703125 0.0224609375 0.351528384375 0.0400390625 0.351528384375 0.0439453125 0.3489810765625 0.052734375 0.3400655015625 0.05859375 0.32478165937500003 0.060546875 0.31459243125 0.05859375 0.2993085875 0.052734375 0.286572053125 0.0458984375 0.277656478125 0.0419921875 0.27510917031250004 0.0322265625 0.27510917031250004 0.0205078125 0.280203784375 0.0126953125 0.2852983984375 0.00390625 0.2993085875 0.001953125 0.306950509375 0.001953125 0.3222343515625 0.00390625 0.3298762734375 0.0146484375 0.3464337703125
1 0.1103515625 0.351528384375 0.1142578125 0.3540756921875 0.1259765625 0.3540756921875 0.1318359375 0.351528384375 0.146484375 0.33497088750000004 0.150390625 0.32478165937500003 0.1484375 0.30949781718749997 0.14453125 0.2993085875 0.1416015625 0.29548762812499996 0.1279296875 0.28784570625 0.1220703125 0.28784570625 0.1103515625 0.29548762812499996 0.1015625 0.3120451234375 0.099609375 0.3196870453125 0.099609375 0.33497088750000004 0.1015625 0.3400655015625 0.1103515625 0.351528384375
1 0.4599609375 0.3642649203125 0.4658203125 0.3668122265625 0.4853515625 0.3668122265625 0.4892578125 0.3642649203125 0.5 0.35025473125 0.501953125 0.3451601171875 0.501953125 0.3222343515625 0.4912109375 0.30567685624999996 0.4833984375 0.3005822421875 0.4677734375 0.3005822421875 0.4619140625 0.3031295484375 0.4541015625 0.3082241625 0.447265625 0.3171397375 0.4453125 0.3222343515625 0.4453125 0.3477074234375 0.4501953125 0.3566229984375 0.4599609375 0.3642649203125
1 0.5009765625 0.440684134375 0.5087890625 0.44577874843750004 0.5302734375 0.44577874843750004 0.5380859375 0.440684134375 0.546875 0.42922125156249996 0.55078125 0.4190320234375 0.55078125 0.396106259375 0.544921875 0.380822415625 0.5361328125 0.369359534375 0.5302734375 0.3642649203125 0.5224609375 0.3617176125 0.5068359375 0.3617176125 0.4990234375 0.3668122265625 0.4921875 0.37572780156249996 0.486328125 0.3884643375 0.484375 0.396106259375 0.484375 0.40884279531249995 0.48828125 0.4241266375 0.5009765625 0.440684134375
1 0.4267578125 0.5400291125 0.4365234375 0.5476710328125 0.4482421875 0.5476710328125 0.4658203125 0.5374818046875001 0.474609375 0.523471615625 0.48046875 0.505640465625 0.48046875 0.49290392968749996 0.4765625 0.48016739375000006 0.4697265625 0.47125181875 0.4638671875 0.46615720468750005 0.4580078125 0.4636098984375 0.4482421875 0.4636098984375 0.4404296875 0.46615720468750005 0.4326171875 0.47125181875 0.419921875 0.487809315625 0.416015625 0.49799854374999997 0.416015625 0.5209243078125 0.419921875 0.5311135375 0.4267578125 0.5400291125
1 0.3955078125 0.621542940625 0.3994140625 0.624090246875 0.4052734375 0.6266375546875 0.4208984375 0.6266375546875 0.4326171875 0.6189956328124999 0.439453125 0.6100800578125 0.44140625 0.60498544375 0.443359375 0.5922489078125001 0.44140625 0.5769650656249999 0.4375 0.5667758375 0.4306640625 0.5578602625 0.4267578125 0.5553129546875 0.4189453125 0.5527656484375 0.4052734375 0.5527656484375 0.3974609375 0.5578602625 0.388671875 0.5693231437499999 0.38671875 0.5744177578125 0.384765625 0.5820596796874999 0.384765625 0.6024381375 0.388671875 0.6126273656250001 0.3955078125 0.621542940625
1 0.4755859375 0.6164483265625 0.4794921875 0.6189956328124999 0.4853515625 0.621542940625 0.4951171875 0.621542940625 0.5068359375 0.61390101875 0.517578125 0.594796215625 0.51953125 0.5871542937500001 0.51953125 0.5718704515625 0.517578125 0.5642285296875 0.515625 0.559133915625 0.5068359375 0.5476710328125 0.5029296875 0.5451237265625 0.4892578125 0.5451237265625 0.4833984375 0.5476710328125 0.470703125 0.5616812234374999 0.46875 0.5693231437499999 0.466796875 0.5820596796874999 0.466796875 0.6024381375 0.46875 0.6075327515625 0.4755859375 0.6164483265625
1 0.53515625 0.62281659375 0.5419921875 0.6291848609375 0.5517578125 0.6342794765625 0.5693359375 0.6342794765625 0.5751953125 0.6291848609375 0.580078125 0.6202692875 0.58203125 0.6075327515625 0.580078125 0.594796215625 0.572265625 0.5769650656249999 0.5634765625 0.568049490625 0.5595703125 0.5655021828125 0.5458984375 0.5655021828125 0.5419921875 0.568049490625 0.53125 0.5820596796874999 0.529296875 0.5871542937500001 0.52734375 0.594796215625 0.52734375 0.60498544375 0.529296875 0.6126273656250001 0.53515625 0.62281659375
1 0.5986328125 0.585880640625 0.6044921875 0.588427946875 0.6181640625 0.588427946875 0.63671875 0.5693231437499999 0.63671875 0.5463973796875 0.62890625 0.5285662296875 0.6220703125 0.5196506546874999 0.6181640625 0.5171033484375 0.6083984375 0.514556040625 0.5869140625 0.52474526875 0.578125 0.5387554578125 0.576171875 0.5489446874999999 0.578125 0.5616812234374999 0.5908203125 0.5807860265625 0.5986328125 0.585880640625
1 0.6376953125 0.5731441046875 0.6455078125 0.5731441046875 0.6513671875 0.5705967984375 0.666015625 0.55149199375 0.66796875 0.5463973796875 0.669921875 0.5362081515625 0.669921875 0.51582969375 0.666015625 0.503093159375 0.6533203125 0.4865356625 0.6416015625 0.4814410484375 0.6279296875 0.4814410484375 0.6201171875 0.4865356625 0.61328125 0.49545123750000003 0.607421875 0.505640465625 0.607421875 0.5132823875 0.63671875 0.5718704515625 0.6376953125 0.5731441046875
1 0.5732421875 0.47125181875 0.5791015625 0.4737991265625 0.5908203125 0.4737991265625 0.6005859375 0.4687045125 0.611328125 0.4572416296875 0.6171875 0.4394104796875 0.6171875 0.4215793296875 0.611328125 0.40374818125 0.5986328125 0.389737990625 0.5869140625 0.389737990625 0.5791015625 0.3922852984375 0.5712890625 0.39737991250000004 0.564453125 0.4062954875 0.560546875 0.41648471562499995 0.556640625 0.4394104796875 0.55859375 0.44705240156250003 0.564453125 0.45978893750000005 0.5732421875 0.47125181875
1 0.5673828125 0.389737990625 0.5849609375 0.389737990625 0.5927734375 0.38719068437500004 0.59765625 0.380822415625 0.599609375 0.37572780156249996 0.6015625 0.362991265625 0.6015625 0.3375181953125 0.59765625 0.32478165937500003 0.5927734375 0.3209606984375 0.5869140625 0.3184133921875 0.5751953125 0.3184133921875 0.5673828125 0.32350800625 0.552734375 0.342612809375 0.55078125 0.3477074234375 0.548828125 0.360443959375 0.552734375 0.37572780156249996 0.5595703125 0.38464337656250003 0.5673828125 0.389737990625
1 0.5146484375 0.32350800625 0.5283203125 0.333697234375 0.5341796875 0.3362445421875 0.5419921875 0.3362445421875 0.5478515625 0.333697234375 0.564453125 0.3120451234375 0.5703125 0.2993085875 0.5703125 0.27893013125 0.568359375 0.271288209375 0.56640625 0.2661935953125 0.5576171875 0.2547307125 0.5537109375 0.25218340625 0.5322265625 0.244541484375 0.5185546875 0.25218340625 0.515625 0.25600436718749997 0.51171875 0.2661935953125 0.505859375 0.2840247453125 0.505859375 0.3018558953125 0.509765625 0.3171397375 0.5146484375 0.32350800625
1 0.615234375 0.36808588124999997 0.6279296875 0.37700145625000003 0.6396484375 0.37700145625000003 0.6474609375 0.3744541484375 0.6533203125 0.369359534375 0.65625 0.36553857343749996 0.66015625 0.3553493453125 0.66015625 0.2840247453125 0.65234375 0.2661935953125 0.6455078125 0.2572780203125 0.6337890625 0.24963609843749998 0.6259765625 0.24708879218750002 0.6201171875 0.24708879218750002 0.6064453125 0.25218340625 0.595703125 0.2661935953125 0.59375 0.271288209375 0.59375 0.29676128125 0.611328125 0.360443959375 0.615234375 0.36808588124999997
1 0.6806640625 0.34133915625 0.6845703125 0.3438864625 0.7080078125 0.3438864625 0.7197265625 0.3362445421875 0.73046875 0.32478165937500003 0.73046875 0.3171397375 0.71484375 0.2661935953125 0.712890625 0.26109898125000003 0.7080078125 0.2572780203125 0.7021484375 0.2572780203125 0.6962890625 0.259825328125 0.6884765625 0.26746724843749997 0.6796875 0.27893013125 0.673828125 0.2916666671875 0.669921875 0.306950509375 0.669921875 0.32478165937500003 0.671875 0.3298762734375 0.6806640625 0.34133915625
1 0.5380859375 0.713245996875 0.5478515625 0.7157933046875 0.5576171875 0.713245996875 0.5693359375 0.705604075 0.572265625 0.701783115625 0.576171875 0.6915938859375 0.576171875 0.668668121875 0.57421875 0.6635735078125 0.5634765625 0.6495633187500001 0.5595703125 0.6470160109374999 0.5458984375 0.641921396875 0.5244140625 0.641921396875 0.5166015625 0.6470160109374999 0.509765625 0.6559315859375 0.5078125 0.668668121875 0.515625 0.6915938859375 0.5244140625 0.70305676875 0.5380859375 0.713245996875
1 0.619140625 0.7603711796875 0.6279296875 0.7718340609375 0.6416015625 0.776928675 0.6572265625 0.776928675 0.6650390625 0.7718340609375 0.673828125 0.7603711796875 0.677734375 0.7450873359375 0.677734375 0.7348981078125 0.67578125 0.7247088796875001 0.669921875 0.7119723437500001 0.6591796875 0.7005094609375 0.6494140625 0.695414846875 0.6396484375 0.695414846875 0.6318359375 0.6979621546875 0.6220703125 0.705604075 0.61328125 0.719614265625 0.611328125 0.7272561859375 0.611328125 0.737445415625 0.61328125 0.74763464375 0.619140625 0.7603711796875
1 0.5595703125 0.7794759828125 0.5673828125 0.784570596875 0.5732421875 0.7871179046875 0.5849609375 0.7871179046875 0.5927734375 0.7820232890625001 0.603515625 0.7629184859375 0.60546875 0.7552765640625 0.60546875 0.74763464375 0.603515625 0.739992721875 0.599609375 0.7323508000000001 0.5947265625 0.7259825328125 0.5908203125 0.723435225 0.5830078125 0.72088791875 0.5732421875 0.72088791875 0.5615234375 0.728529840625 0.5546875 0.737445415625 0.55078125 0.74763464375 0.55078125 0.7629184859375 0.552734375 0.7705604078125 0.5595703125 0.7794759828125
1 0.3125 0.9106623 0.3154296875 0.9144832609375 0.3271484375 0.92212518125 0.3369140625 0.9195778750000001 0.3447265625 0.9144832609375 0.35546875 0.8979257640625 0.359375 0.8826419218750001 0.359375 0.8673580781249999 0.35546875 0.8546215421875001 0.3486328125 0.8457059687499999 0.3408203125 0.840611353125 0.3310546875 0.838064046875 0.3173828125 0.8431586609374999 0.30859375 0.8546215421875001 0.306640625 0.8597161578125 0.306640625 0.8800946140624999 0.310546875 0.9055676859374999 0.3125 0.9106623
1 0.2763671875 0.81004366875 0.2802734375 0.812590975 0.2861328125 0.8151382828125 0.2958984375 0.8151382828125 0.3037109375 0.812590975 0.3125 0.8036754 0.318359375 0.7909388640625 0.3203125 0.7807496359375 0.3203125 0.76546579375 0.318359375 0.7552765640625 0.314453125 0.7450873359375 0.3017578125 0.7336244546875 0.2958984375 0.7310771468749999 0.2841796875 0.7310771468749999 0.2783203125 0.7336244546875 0.2744140625 0.7361717609375 0.265625 0.74763464375 0.26171875 0.757823871875 0.259765625 0.7680131 0.26171875 0.78584425 0.265625 0.796033478125 0.2763671875 0.81004366875
1 0.2138671875 0.8915574968750001 0.2177734375 0.8941048031250001 0.2314453125 0.8941048031250001 0.2353515625 0.8915574968750001 0.24609375 0.8775473078125 0.25 0.864810771875 0.25 0.846979621875 0.24609375 0.83679039375 0.2431640625 0.8329694328125001 0.2333984375 0.82787481875 0.2255859375 0.82787481875 0.2158203125 0.8329694328125001 0.203125 0.849526928125 0.203125 0.8724526921875 0.20703125 0.8826419218750001 0.2138671875 0.8915574968750001
1 0.1611328125 0.965429403125 0.1728515625 0.965429403125 0.1787109375 0.9628820953125 0.1845703125 0.9577874812499999 0.19140625 0.9463246 0.1953125 0.9335880640625 0.1953125 0.91320960625 0.193359375 0.9081149921874999 0.1884765625 0.901746725 0.1748046875 0.8941048031250001 0.1689453125 0.8941048031250001 0.1572265625 0.8991994171875 0.1513671875 0.9042940312500001 0.14453125 0.91320960625 0.142578125 0.9183042218749999 0.140625 0.936135371875 0.14453125 0.94887190625 0.1552734375 0.9628820953125 0.1611328125 0.965429403125
1 0.2138671875 0.99344978125 0.2255859375 0.9985443953124999 0.2373046875 0.9985443953124999 0.2431640625 0.9959970890625 0.251953125 0.98453420625 0.255859375 0.9667030562500001 0.255859375 0.9514192140625 0.251953125 0.9412299859375001 0.2431640625 0.9297671031249999 0.2333984375 0.9246724890625 0.2197265625 0.9246724890625 0.2138671875 0.927219796875 0.201171875 0.9437772921875001 0.19921875 0.94887190625 0.19921875 0.9667030562500001 0.203125 0.9794395921874999 0.2138671875 0.99344978125
1 0.326171875 0.9972707421875 0.328125 0.9794395921874999 0.32421875 0.9667030562500001 0.3134765625 0.9526928671875 0.3056640625 0.947598253125 0.2880859375 0.947598253125 0.2763671875 0.9552401749999999 0.271484375 0.9616084421875 0.267578125 0.9717976703125 0.265625 0.9947234359375001 0.2685546875 0.9985443953124999 0.3251953125 0.9985443953124999 0.326171875 0.9972707421875
1 0.0830078125 0.9909024750000001 0.0908203125 0.9959970890625 0.1162109375 0.9959970890625 0.1201171875 0.99344978125 0.130859375 0.9794395921874999 0.1328125 0.974344978125 0.134765625 0.9616084421875 0.12890625 0.9437772921875001 0.1240234375 0.9348617171875 0.1083984375 0.9246724890625 0.0908203125 0.9246724890625 0.0810546875 0.9297671031249999 0.072265625 0.9386826781250001 0.068359375 0.9463246 0.068359375 0.96415575 0.07421875 0.9794395921874999 0.0830078125 0.9909024750000001
1 0.0185546875 0.901746725 0.0302734375 0.909388646875 0.0419921875 0.909388646875 0.0498046875 0.9042940312500001 0.05859375 0.8902838421875 0.0625 0.8800946140624999 0.064453125 0.8673580781249999 0.064453125 0.8571688500000001 0.056640625 0.83679039375 0.0537109375 0.8329694328125001 0.0439453125 0.82787481875 0.0380859375 0.82787481875 0.0205078125 0.838064046875 0.013671875 0.846979621875 0.009765625 0.8546215421875001 0.009765625 0.885189228125 0.013671875 0.8953784578124999 0.0185546875 0.901746725
1 0 0.74763464375 0.0068359375 0.748908296875 0.0126953125 0.7463609890625 0.0234375 0.7348981078125 0.029296875 0.7247088796875001 0.03125 0.7094250359375 0.029296875 0.6992358078125 0.0224609375 0.687772925 0.0107421875 0.677583696875 0.0009765625 0.6724890828125 0 0.6737627359375 0 0.74763464375
1 0.7958984375 0.5120087343749999 0.8076171875 0.5171033484375 0.8232421875 0.5171033484375 0.8310546875 0.5120087343749999 0.83984375 0.5005458515625001 0.841796875 0.49545123750000003 0.84375 0.487809315625 0.84375 0.469978165625 0.841796875 0.4623362453125 0.8310546875 0.44577874843750004 0.8232421875 0.440684134375 0.8173828125 0.4381368265625 0.8017578125 0.4381368265625 0.7958984375 0.440684134375 0.7880859375 0.4483260546875 0.78125 0.45978893750000005 0.779296875 0.467430859375 0.779296875 0.487809315625 0.78515625 0.5005458515625001 0.7958984375 0.5120087343749999
1 0.8623046875 0.6266375546875 0.8662109375 0.6291848609375 0.8837890625 0.6291848609375 0.8876953125 0.6266375546875 0.900390625 0.6100800578125 0.904296875 0.5998908296875001 0.904296875 0.5846069875000001 0.900390625 0.5718704515625 0.8896484375 0.5578602625 0.8759765625 0.5527656484375 0.8662109375 0.5553129546875 0.8623046875 0.5578602625 0.8515625 0.5718704515625 0.84765625 0.5871542937500001 0.84765625 0.5998908296875001 0.8515625 0.6126273656250001 0.8623046875 0.6266375546875
1 0.6943359375 0.657205240625 0.7041015625 0.6622998546875001 0.7119140625 0.6622998546875001 0.7197265625 0.659752546875 0.7265625 0.650836971875 0.732421875 0.6279112078125 0.732421875 0.615174671875 0.71875 0.579512371875 0.7138671875 0.5731441046875 0.7080078125 0.5731441046875 0.705078125 0.5769650656249999 0.677734375 0.615174671875 0.677734375 0.630458515625 0.681640625 0.64064774375 0.6943359375 0.657205240625
1 0.8896484375 0.79221251875 0.9072265625 0.79221251875 0.9208984375 0.7794759828125 0.92578125 0.7680131 0.92578125 0.737445415625 0.923828125 0.7323508000000001 0.9189453125 0.728529840625 0.9033203125 0.723435225 0.8955078125 0.723435225 0.8837890625 0.728529840625 0.873046875 0.7425400296875 0.87109375 0.74763464375 0.87109375 0.7603711796875 0.880859375 0.78329694375 0.8896484375 0.79221251875
1 0.9541015625 0.7692867546875 0.9619140625 0.7743813687500001 0.9736328125 0.7743813687500001 0.9814453125 0.7692867546875 0.986328125 0.7629184859375 0.990234375 0.7552765640625 0.9921875 0.74763464375 0.9921875 0.7348981078125 0.984375 0.7119723437500001 0.9755859375 0.7005094609375 0.9619140625 0.692867540625 0.9501953125 0.692867540625 0.9443359375 0.695414846875 0.935546875 0.7068777296875 0.93359375 0.7170669578125 0.935546875 0.7348981078125 0.943359375 0.7552765640625 0.9541015625 0.7692867546875
1 0.7568359375 0.68522561875 0.7705078125 0.692867540625 0.7822265625 0.692867540625 0.7861328125 0.6903202328125 0.796875 0.67631004375 0.802734375 0.6610262015624999 0.802734375 0.6431950515625 0.798828125 0.630458515625 0.7841796875 0.6113537124999999 0.7783203125 0.6088064046875 0.7607421875 0.6088064046875 0.7509765625 0.61390101875 0.744140625 0.62281659375 0.740234375 0.633005821875 0.740234375 0.6559315859375 0.748046875 0.6737627359375 0.7568359375 0.68522561875
1 0.7783203125 0.8966521109375 0.7880859375 0.901746725 0.8017578125 0.901746725 0.806640625 0.8953784578124999 0.8125 0.8775473078125 0.8125 0.8520742359375 0.80859375 0.83679039375 0.7822265625 0.8074963609375001 0.7763671875 0.8049490531249999 0.7666015625 0.81004366875 0.755859375 0.8240538578125 0.75390625 0.8291484718750001 0.75390625 0.8546215421875001 0.759765625 0.8724526921875 0.7783203125 0.8966521109375
1 0.8369140625 0.9552401749999999 0.8525390625 0.9552401749999999 0.8564453125 0.9526928671875 0.865234375 0.9412299859375001 0.87109375 0.9259461421875 0.87109375 0.903020378125 0.8603515625 0.883915575 0.8525390625 0.8788209609375001 0.8330078125 0.8788209609375001 0.8291015625 0.8813682671875 0.8203125 0.8928311499999999 0.818359375 0.8979257640625 0.81640625 0.9055676859374999 0.81640625 0.93104075625 0.8251953125 0.947598253125 0.8369140625 0.9552401749999999
1 0.6962890625 0.9679767109374999 0.7080078125 0.9679767109374999 0.7119140625 0.965429403125 0.71875 0.9565138281250001 0.7265625 0.9335880640625 0.728515625 0.9259461421875 0.728515625 0.903020378125 0.7197265625 0.8864628828125 0.7080078125 0.8813682671875 0.6962890625 0.8813682671875 0.6875 0.8902838421875 0.681640625 0.903020378125 0.67578125 0.9208515281249999 0.673828125 0.936135371875 0.6796875 0.9514192140625 0.6884765625 0.9628820953125 0.6962890625 0.9679767109374999
1 0.7392578125 0.99344978125 0.7470703125 0.9985443953124999 0.7626953125 0.9985443953124999 0.7705078125 0.99344978125 0.77734375 0.9819869000000001 0.787109375 0.9590611359375 0.787109375 0.9412299859375001 0.78515625 0.936135371875 0.7724609375 0.9195778750000001 0.7626953125 0.9144832609375 0.7548828125 0.9144832609375 0.7412109375 0.92212518125 0.73828125 0.9259461421875 0.73046875 0.94887190625 0.728515625 0.9565138281250001 0.728515625 0.9717976703125 0.736328125 0.9896288203125 0.7392578125 0.99344978125
1 0.849609375 0.9972707421875 0.849609375 0.98453420625 0.84375 0.9692503640625001 0.8388671875 0.9628820953125 0.8271484375 0.9552401749999999 0.8154296875 0.9552401749999999 0.8037109375 0.9603347890625 0.796875 0.9667030562500001 0.7890625 0.9870815140625 0.787109375 0.9947234359375001 0.7900390625 0.9985443953124999 0.8486328125 0.9985443953124999 0.849609375 0.9972707421875
1 0.9111328125 0.9985443953124999 0.912109375 0.9972707421875 0.912109375 0.98453420625 0.91015625 0.9794395921874999 0.8935546875 0.9603347890625 0.8876953125 0.9577874812499999 0.8740234375 0.9603347890625 0.8701171875 0.9628820953125 0.857421875 0.9794395921874999 0.85546875 0.98453420625 0.85546875 0.9921761281249999 0.8583984375 0.9985443953124999 0.9111328125 0.9985443953124999
1 0.9921875 0.9896288203125 0.994140625 0.9768922859375 0.994140625 0.9667030562500001 0.9921875 0.9565138281250001 0.9833984375 0.9450509468750001 0.9716796875 0.937409025 0.9658203125 0.9348617171875 0.9560546875 0.9348617171875 0.9501953125 0.937409025 0.943359375 0.9463246 0.939453125 0.9590611359375 0.931640625 0.9921761281249999 0.9326171875 0.9985443953124999 0.9873046875 0.9985443953124999 0.9921875 0.9896288203125
1 0.9091796875 0.9552401749999999 0.9228515625 0.9526928671875 0.94140625 0.9412299859375001 0.9453125 0.93104075625 0.9453125 0.9081149921874999 0.943359375 0.903020378125 0.9365234375 0.8941048031250001 0.9228515625 0.883915575 0.9111328125 0.883915575 0.8974609375 0.8915574968750001 0.89453125 0.8953784578124999 0.88671875 0.91320960625 0.892578125 0.9335880640625 0.9052734375 0.9526928671875 0.9091796875 0.9552401749999999
1 0.9462890625 0.8686317328125 0.9619140625 0.883915575 0.9697265625 0.883915575 0.9755859375 0.8813682671875 0.9794921875 0.8788209609375001 0.98828125 0.8673580781249999 0.990234375 0.8597161578125 0.990234375 0.83679039375 0.9794921875 0.8253275109375 0.9716796875 0.8202328968750001 0.9638671875 0.8176855890624999 0.9541015625 0.8176855890624999 0.9443359375 0.822780203125 0.9375 0.8316957781250001 0.935546875 0.83679039375 0.935546875 0.8444323140625001 0.939453125 0.8571688500000001 0.9462890625 0.8686317328125
1 0.9404296875 0.5756914125 0.9443359375 0.57823871875 0.9541015625 0.57823871875 0.9599609375 0.5756914125 0.9658203125 0.5705967984375 0.974609375 0.5565866078124999 0.9765625 0.5489446874999999 0.9765625 0.5285662296875 0.974609375 0.523471615625 0.9638671875 0.5094614265625 0.9599609375 0.5069141187499999 0.9521484375 0.5069141187499999 0.9423828125 0.5120087343749999 0.93359375 0.523471615625 0.9296875 0.53366084375 0.927734375 0.5438500734375 0.9296875 0.559133915625 0.931640625 0.5642285296875 0.9404296875 0.5756914125
1 0.9306640625 0.4992721984375 0.9345703125 0.5018195046875 0.9501953125 0.5018195046875 0.9599609375 0.496724890625 0.9697265625 0.48908296875 0.974609375 0.4827147015625 0.978515625 0.469978165625 0.978515625 0.4572416296875 0.970703125 0.4394104796875 0.9658203125 0.4330422125 0.9560546875 0.42794759843749997 0.9501953125 0.42794759843749997 0.9384765625 0.4330422125 0.92578125 0.45214701562500004 0.921875 0.4623362453125 0.919921875 0.47252547343750007 0.919921875 0.48016739375000006 0.921875 0.487809315625 0.9306640625 0.4992721984375
1 0.8857421875 0.440684134375 0.8935546875 0.44577874843750004 0.9072265625 0.44577874843750004 0.9130859375 0.443231440625 0.921875 0.434315865625 0.92578125 0.4266739453125 0.9296875 0.413937409375 0.9296875 0.4012008734375 0.92578125 0.3884643375 0.9189453125 0.37954876249999997 0.9052734375 0.369359534375 0.8935546875 0.369359534375 0.8876953125 0.371906840625 0.876953125 0.38336972343750003 0.873046875 0.3935589515625 0.873046875 0.4215793296875 0.875 0.4266739453125 0.8857421875 0.440684134375
1 0.8193359375 0.42285298437499996 0.8310546875 0.43049490468749996 0.8408203125 0.4330422125 0.8486328125 0.43049490468749996 0.8564453125 0.425400290625 0.86328125 0.41648471562499995 0.865234375 0.40884279531249995 0.865234375 0.3910116453125 0.86328125 0.38336972343750003 0.859375 0.37572780156249996 0.8525390625 0.3668122265625 0.8447265625 0.3617176125 0.8251953125 0.3617176125 0.8193359375 0.3668122265625 0.8125 0.37572780156249996 0.810546875 0.380822415625 0.80859375 0.3884643375 0.80859375 0.4012008734375 0.8125 0.413937409375 0.8193359375 0.42285298437499996
1 0.8681640625 0.351528384375 0.8759765625 0.351528384375 0.8857421875 0.3464337703125 0.896484375 0.3298762734375 0.896484375 0.306950509375 0.89453125 0.2993085875 0.890625 0.2916666671875 0.8779296875 0.277656478125 0.8701171875 0.27256186250000003 0.8642578125 0.27256186250000003 0.8583984375 0.27510917031250004 0.8544921875 0.277656478125 0.845703125 0.289119359375 0.84375 0.2942139734375 0.841796875 0.3018558953125 0.841796875 0.3222343515625 0.8505859375 0.34133915625 0.8681640625 0.351528384375
1 0.828125 0.250909753125 0.8330078125 0.2572780203125 0.8408203125 0.262372634375 0.8564453125 0.262372634375 0.8662109375 0.2572780203125 0.876953125 0.24326783125 0.880859375 0.233078603125 0.880859375 0.2203420671875 0.876953125 0.20760553124999997 0.8681640625 0.19359534218750002 0.8583984375 0.1859534203125 0.8427734375 0.1859534203125 0.8369140625 0.18850072812500002 0.8310546875 0.19359534218750002 0.826171875 0.199963609375 0.82421875 0.20505822343750002 0.822265625 0.2127001453125 0.822265625 0.233078603125 0.82421875 0.2407205234375 0.828125 0.250909753125
1 0.8603515625 0.12481804999999999 0.8642578125 0.12736535625 0.8720703125 0.1299126640625 0.8876953125 0.12736535625 0.8916015625 0.12481804999999999 0.900390625 0.11335516718750001 0.904296875 0.1031659390625 0.904296875 0.080240175 0.896484375 0.06495633125 0.8896484375 0.0585880640625 0.8818359375 0.056040756250000004 0.8642578125 0.0585880640625 0.8603515625 0.061135371875 0.85546875 0.0675036390625 0.849609375 0.080240175 0.84765625 0.08788209531249999 0.84765625 0.1057132453125 0.849609375 0.11080786093749999 0.8603515625 0.12481804999999999
1 0.9619140625 0.1299126640625 0.9658203125 0.12736535625 0.970703125 0.1209970890625 0.970703125 0.108260553125 0.966796875 0.098071325 0.962890625 0.090429403125 0.9521484375 0.07641921406249999 0.9482421875 0.07387190625 0.9384765625 0.07387190625 0.9326171875 0.07641921406249999 0.9287109375 0.078966521875 0.923828125 0.0853347890625 0.921875 0.090429403125 0.919921875 0.098071325 0.919921875 0.1209970890625 0.9345703125 0.137554584375 0.9619140625 0.1299126640625
1 0.474609375 0.8699053859375001 0.4873046875 0.8864628828125 0.4951171875 0.8915574968750001 0.5244140625 0.9042940312500001 0.5419921875 0.9042940312500001 0.552734375 0.8902838421875 0.556640625 0.8775473078125 0.55859375 0.864810771875 0.55859375 0.849526928125 0.556640625 0.8418850078125001 0.552734375 0.8316957781250001 0.5458984375 0.822780203125 0.5263671875 0.8074963609375001 0.5224609375 0.8049490531249999 0.4990234375 0.8049490531249999 0.4873046875 0.812590975 0.474609375 0.8291484718750001 0.47265625 0.8342430859375 0.470703125 0.8418850078125001 0.470703125 0.8546215421875001 0.47265625 0.864810771875 0.474609375 0.8699053859375001
2 0.5908203125 0.9195778750000001 0.5966796875 0.9246724890625 0.6162109375 0.9348617171875 0.6318359375 0.9348617171875 0.6533203125 0.92212518125 0.6708984375 0.9068413390625001 0.67578125 0.900473071875 0.6796875 0.8902838421875 0.68359375 0.8724526921875 0.68359375 0.8291484718750001 0.681640625 0.81895924375 0.677734375 0.8087700140624999 0.6728515625 0.802401746875 0.6669921875 0.7973071328125 0.6533203125 0.7896652109375 0.6455078125 0.7871179046875 0.6298828125 0.7871179046875 0.6220703125 0.7896652109375 0.6103515625 0.7973071328125 0.6005859375 0.8049490531249999 0.583984375 0.8266011640625001 0.578125 0.8418850078125001 0.576171875 0.8520742359375 0.576171875 0.885189228125 0.58203125 0.903020378125 0.5908203125 0.9195778750000001
2 0.7451171875 0.3184133921875 0.7626953125 0.31331877656249996 0.7705078125 0.3107714703125 0.7802734375 0.3031295484375 0.79296875 0.2840247453125 0.806640625 0.2483624453125 0.80859375 0.2381732171875 0.80859375 0.2203420671875 0.806640625 0.2127001453125 0.7939453125 0.191048034375 0.7900390625 0.18850072812500002 0.7705078125 0.1859534203125 0.7529296875 0.19359534218750002 0.7314453125 0.21142649218749998 0.7265625 0.21779475937499998 0.720703125 0.233078603125 0.716796875 0.2483624453125 0.71484375 0.2585516734375 0.716796875 0.2993085875 0.7294921875 0.31586608437499997 0.7451171875 0.3184133921875
2 0.1474609375 0.873726346875 0.1650390625 0.873726346875 0.1826171875 0.8635371171875 0.19921875 0.846979621875 0.201171875 0.8418850078125001 0.205078125 0.81895924375 0.208984375 0.7934861718749999 0.208984375 0.78329694375 0.2021484375 0.776928675 0.1962890625 0.776928675 0.1494140625 0.784570596875 0.1455078125 0.7871179046875 0.1328125 0.8036754 0.126953125 0.8164119359375 0.125 0.8240538578125 0.125 0.83679039375 0.1328125 0.8597161578125 0.1474609375 0.873726346875
0 0.8193359375 0.7005094609375 0.828125 0.6915938859375 0.830078125 0.683951965625 0.8232421875 0.6724890828125 0.8193359375 0.6699417765625 0.8095703125 0.6699417765625 0.802734375 0.6788573515625 0.802734375 0.6941411937499999 0.8076171875 0.7005094609375 0.8193359375 0.7005094609375
0 0.9580078125 0.280203784375 0.962890625 0.2738355171875 0.96484375 0.268740903125 0.96484375 0.25600436718749997 0.9619140625 0.25218340625 0.9541015625 0.24708879218750002 0.9501953125 0.24708879218750002 0.9443359375 0.24963609843749998 0.94140625 0.25345705937499996 0.939453125 0.2585516734375 0.94140625 0.2738355171875 0.9462890625 0.280203784375 0.9580078125 0.280203784375
0 0.4111328125 0.4559679765625 0.4169921875 0.4559679765625 0.423828125 0.449599709375 0.42578125 0.44450509531250004 0.42578125 0.42922125156249996 0.4208984375 0.42285298437499996 0.4111328125 0.42285298437499996 0.404296875 0.42922125156249996 0.40234375 0.434315865625 0.40234375 0.44705240156250003 0.4072265625 0.4534206703125 0.4111328125 0.4559679765625
1 0.1220703125 0.73871906875 0.1357421875 0.7463609890625 0.1494140625 0.7463609890625 0.1572265625 0.741266375 0.1640625 0.7323508000000001 0.16796875 0.722161571875 0.16796875 0.7094250359375 0.166015625 0.7043304218750001 0.1591796875 0.695414846875 0.1513671875 0.6903202328125 0.1396484375 0.687772925 0.1240234375 0.6903202328125 0.1201171875 0.692867540625 0.11328125 0.701783115625 0.111328125 0.7068777296875 0.111328125 0.722161571875 0.11328125 0.7272561859375 0.1220703125 0.73871906875
0 0.1435546875 0.776928675 0.1484375 0.7527292578125 0.1455078125 0.748908296875 0.1396484375 0.748908296875 0.1328125 0.757823871875 0.130859375 0.7629184859375 0.130859375 0.7705604078125 0.1357421875 0.776928675 0.1435546875 0.776928675