1 0.5205078125 0.2037845703125 0.5263671875 0.206331878125 0.5322265625 0.206331878125 0.5419921875 0.20123726406250003 0.55078125 0.1923216890625 0.556640625 0.179585153125 0.556640625 0.15665938906250002 0.5478515625 0.1401018921875 0.5380859375 0.135007278125 0.5283203125 0.1324599703125 0.5205078125 0.135007278125 0.5126953125 0.1401018921875 0.5078125 0.14647015937500002 0.501953125 0.161754003125 0.501953125 0.179585153125 0.5107421875 0.1961426484375 0.5205078125 0.2037845703125
1 0.5634765625 0.280203784375 0.5693359375 0.2827510921875 0.5771484375 0.2827510921875 0.5830078125 0.280203784375 0.591796875 0.268740903125 0.595703125 0.2585516734375 0.595703125 0.2483624453125 0.59375 0.2407205234375 0.580078125 0.20760553124999997 0.5791015625 0.206331878125 0.5654296875 0.206331878125 0.5556640625 0.21142649218749998 0.55078125 0.21779475937499998 0.548828125 0.2228893734375 0.548828125 0.250909753125 0.5546875 0.268740903125 0.5634765625 0.280203784375
1 0.4130859375 0.3286026203125 0.4248046875 0.333697234375 0.4345703125 0.33114992656250003 0.4384765625 0.3286026203125 0.447265625 0.3171397375 0.451171875 0.3044032015625 0.451171875 0.2916666671875 0.44921875 0.2840247453125 0.4453125 0.2763828234375 0.4384765625 0.26746724843749997 0.4306640625 0.262372634375 0.4150390625 0.262372634375 0.4111328125 0.26491994218750003 0.40234375 0.2763828234375 0.400390625 0.2814774375 0.400390625 0.306950509375 0.404296875 0.3171397375 0.4130859375 0.3286026203125
1 0.3466796875 0.3642649203125 0.3525390625 0.369359534375 0.3681640625 0.369359534375 0.3720703125 0.3668122265625 0.37890625 0.3578966515625 0.384765625 0.3400655015625 0.384765625 0.3196870453125 0.376953125 0.3018558953125 0.3720703125 0.29548762812499996 0.3583984375 0.28784570625 0.3486328125 0.28784570625 0.3388671875 0.2929403203125 0.33203125 0.3018558953125 0.330078125 0.306950509375 0.328125 0.3222343515625 0.330078125 0.3400655015625 0.333984375 0.3477074234375 0.3466796875 0.3642649203125
1 0.4013671875 0.425400290625 0.4052734375 0.42794759843749997 0.4228515625 0.42794759843749997 0.4267578125 0.425400290625 0.43359375 0.41648471562499995 0.439453125 0.396106259375 0.439453125 0.378275109375 0.435546875 0.36808588124999997 0.4248046875 0.3540756921875 0.4189453125 0.351528384375 0.4052734375 0.351528384375 0.3955078125 0.35917030625 0.390625 0.36553857343749996 0.38671875 0.37572780156249996 0.38671875 0.396106259375 0.396484375 0.4190320234375 0.4013671875 0.425400290625
1 0.4345703125 0.514556040625 0.4482421875 0.514556040625 0.4521484375 0.5120087343749999 0.46484375 0.49545123750000003 0.466796875 0.487809315625 0.466796875 0.467430859375 0.46484375 0.45978893750000005 0.4580078125 0.4483260546875 0.4443359375 0.440684134375 0.4326171875 0.440684134375 0.4267578125 0.443231440625 0.4208984375 0.4483260546875 0.419921875 0.449599709375 0.419921875 0.503093159375 0.4228515625 0.5069141187499999 0.4345703125 0.514556040625
1 0.3740234375 0.514556040625 0.3818359375 0.5196506546874999 0.3994140625 0.5196506546874999 0.4150390625 0.5069141187499999 0.421875 0.49799854374999997 0.423828125 0.49290392968749996 0.42578125 0.47762008749999996 0.423828125 0.4623362453125 0.421875 0.4572416296875 0.4189453125 0.4534206703125 0.4052734375 0.44577874843750004 0.3955078125 0.443231440625 0.3798828125 0.44577874843750004 0.3701171875 0.4534206703125 0.365234375 0.45978893750000005 0.361328125 0.469978165625 0.359375 0.47762008749999996 0.359375 0.487809315625 0.36328125 0.5005458515625001 0.3740234375 0.514556040625
1 0.3818359375 0.61390101875 0.3896484375 0.6189956328124999 0.3994140625 0.6189956328124999 0.4130859375 0.61390101875 0.4189453125 0.6088064046875 0.4296875 0.594796215625 0.4296875 0.5744177578125 0.427734375 0.5693231437499999 0.4228515625 0.56040756875 0.4169921875 0.5553129546875 0.4072265625 0.5502183406250001 0.3916015625 0.5502183406250001 0.3876953125 0.5527656484375 0.373046875 0.5718704515625 0.37109375 0.5769650656249999 0.37109375 0.594796215625 0.375 0.60498544375 0.3818359375 0.61390101875
1 0.4033203125 0.7157933046875 0.4130859375 0.713245996875 0.4267578125 0.70305676875 0.431640625 0.6966885 0.439453125 0.6814046578124999 0.44140625 0.6737627359375 0.44140625 0.6610262015624999 0.439453125 0.6533842796875 0.4375 0.648289665625 0.4267578125 0.6342794765625 0.4169921875 0.6291848609375 0.4033203125 0.6291848609375 0.392578125 0.6355531296875 0.380859375 0.701783115625 0.3857421875 0.7081513828125 0.3935546875 0.713245996875 0.4033203125 0.7157933046875
1 0.3369140625 0.6979621546875 0.3505859375 0.705604075 0.3623046875 0.705604075 0.3798828125 0.6979621546875 0.392578125 0.6814046578124999 0.396484375 0.668668121875 0.396484375 0.6559315859375 0.392578125 0.64064774375 0.3759765625 0.621542940625 0.3701171875 0.6189956328124999 0.3583984375 0.6164483265625 0.3427734375 0.621542940625 0.3369140625 0.6266375546875 0.328125 0.6381004359375 0.32421875 0.6457423578125 0.322265625 0.6559315859375 0.322265625 0.668668121875 0.326171875 0.683951965625 0.3369140625 0.6979621546875
1 0.3271484375 0.79221251875 0.3349609375 0.7973071328125 0.3408203125 0.7998544390625 0.3505859375 0.7998544390625 0.3623046875 0.79221251875 0.37109375 0.7807496359375 0.375 0.7705604078125 0.376953125 0.7603711796875 0.376953125 0.7527292578125 0.375 0.7450873359375 0.369140625 0.7323508000000001 0.3564453125 0.72088791875 0.3505859375 0.7183406109375 0.3408203125 0.7183406109375 0.3349609375 0.72088791875 0.3251953125 0.728529840625 0.3203125 0.7348981078125 0.31640625 0.7450873359375 0.314453125 0.757823871875 0.31640625 0.775655021875 0.318359375 0.7807496359375 0.3271484375 0.79221251875
1 0.2060546875 0.5451237265625 0.2197265625 0.5527656484375 0.2255859375 0.5527656484375 0.2353515625 0.5476710328125 0.244140625 0.5362081515625 0.25 0.5183770015625 0.25 0.505640465625 0.24609375 0.49290392968749996 0.2412109375 0.4865356625 0.2294921875 0.47889374062499995 0.2158203125 0.47889374062499995 0.2099609375 0.4814410484375 0.2041015625 0.4865356625 0.197265625 0.49799854374999997 0.1953125 0.503093159375 0.1953125 0.5260189234375 0.197265625 0.53366084375 0.2060546875 0.5451237265625
1 0.154296875 0.6024381375 0.1669921875 0.6189956328124999 0.1767578125 0.6266375546875 0.1904296875 0.6317321687499999 0.2060546875 0.6317321687499999 0.2197265625 0.624090246875 0.228515625 0.60498544375 0.23046875 0.5922489078125001 0.2265625 0.5744177578125 0.2177734375 0.5629548765625 0.1923828125 0.5451237265625 0.1865234375 0.54257641875 0.1728515625 0.54257641875 0.1611328125 0.5476710328125 0.1513671875 0.5553129546875 0.146484375 0.5616812234374999 0.14453125 0.5667758375 0.14453125 0.579512371875 0.146484375 0.5871542937500001 0.154296875 0.6024381375
1 0.1337890625 0.52474526875 0.1513671875 0.52474526875 0.158203125 0.51582969375 0.162109375 0.505640465625 0.162109375 0.4827147015625 0.158203125 0.469978165625 0.1533203125 0.4636098984375 0.1279296875 0.4687045125 0.12109375 0.47762008749999996 0.1171875 0.49290392968749996 0.1171875 0.505640465625 0.1240234375 0.5196506546874999 0.1337890625 0.52474526875
1 0.0810546875 0.5655021828125 0.0849609375 0.568049490625 0.0986328125 0.568049490625 0.1083984375 0.5629548765625 0.12109375 0.5463973796875 0.125 0.5362081515625 0.126953125 0.5260189234375 0.1171875 0.5081877734375 0.1123046875 0.5018195046875 0.1083984375 0.4992721984375 0.0908203125 0.4992721984375 0.0830078125 0.5043668125 0.072265625 0.5183770015625 0.0703125 0.5260189234375 0.0703125 0.5463973796875 0.076171875 0.559133915625 0.0810546875 0.5655021828125
1 0.2138671875 0.407569140625 0.2216796875 0.41011644843750006 0.2333984375 0.407569140625 0.2412109375 0.40247452656249993 0.25 0.3884643375 0.251953125 0.380822415625 0.251953125 0.36553857343749996 0.24609375 0.35025473125 0.2431640625 0.3464337703125 0.2294921875 0.3362445421875 0.2177734375 0.3362445421875 0.2138671875 0.3387918484375 0.203125 0.3528020375 0.201171875 0.3578966515625 0.19921875 0.36553857343749996 0.19921875 0.38336972343750003 0.203125 0.396106259375 0.2138671875 0.407569140625
1 0.2275390625 0.3209606984375 0.2451171875 0.33114992656250003 0.2568359375 0.33114992656250003 0.2666015625 0.32605531249999997 0.27734375 0.3120451234375 0.279296875 0.306950509375 0.279296875 0.286572053125 0.27734375 0.27893013125 0.2705078125 0.27001455625 0.2646484375 0.26491994218750003 0.2587890625 0.262372634375 0.2431640625 0.262372634375 0.2373046875 0.26491994218750003 0.2314453125 0.27001455625 0.224609375 0.27893013125 0.22265625 0.2840247453125 0.220703125 0.2916666671875 0.220703125 0.306950509375 0.22265625 0.3120451234375 0.2275390625 0.3209606984375
1 0.228515625 0.20505822343750002 0.2373046875 0.21652110625 0.2412109375 0.21906841406250002 0.2490234375 0.2216157203125 0.2568359375 0.2216157203125 0.2626953125 0.21906841406250002 0.2705078125 0.2139737984375 0.279296875 0.197416303125 0.28125 0.18977438124999998 0.28125 0.1744905390625 0.27734375 0.164301309375 0.2685546875 0.15283842812499998 0.2646484375 0.1502911203125 0.2548828125 0.14774381406249998 0.2451171875 0.14774381406249998 0.2333984375 0.155385734375 0.228515625 0.161754003125 0.2265625 0.1668486171875 0.22265625 0.179585153125 0.22265625 0.187227075 0.224609375 0.1948689953125 0.228515625 0.20505822343750002
1 0.2392578125 0.12481804999999999 0.2490234375 0.1324599703125 0.2607421875 0.135007278125 0.2646484375 0.1324599703125 0.2734375 0.1209970890625 0.27734375 0.108260553125 0.275390625 0.090429403125 0.2734375 0.0853347890625 0.2666015625 0.07641921406249999 0.2587890625 0.0713246 0.2529296875 0.0713246 0.2431640625 0.07641921406249999 0.234375 0.0853347890625 0.23046875 0.098071325 0.232421875 0.11080786093749999 0.236328125 0.1209970890625 0.2392578125 0.12481804999999999
1 0.2021484375 0 0.1962890625 0.0050946140625 0.189453125 0.016557496875 0.18359375 0.0318413390625 0.18359375 0.0420305671875 0.189453125 0.057314410937500004 0.2021484375 0.0713246 0.2060546875 0.07387190625 0.2197265625 0.07387190625 0.2255859375 0.0713246 0.236328125 0.057314410937500004 0.240234375 0.049672489062500005 0.2421875 0.0394832609375 0.240234375 0.0216521109375 0.236328125 0.0114628828125 0.2314453125 0.0050946140625 0.2236328125 0 0.2021484375 0
1 0.12890625 0.0955240171875 0.1376953125 0.1069869 0.1474609375 0.1120815140625 0.1591796875 0.11462882031249999 0.1689453125 0.10953420625000002 0.177734375 0.098071325 0.1796875 0.090429403125 0.1796875 0.072598253125 0.177734375 0.06495633125 0.17578125 0.059861717187499996 0.1630859375 0.045851528125 0.1513671875 0.040756914062499996 0.1435546875 0.040756914062499996 0.1376953125 0.043304221875 0.125 0.059861717187499996 0.123046875 0.06495633125 0.123046875 0.080240175 0.125 0.08788209531249999 0.12890625 0.0955240171875
1 0.087890625 0.182132459375 0.0947265625 0.191048034375 0.1044921875 0.1961426484375 0.1181640625 0.1961426484375 0.1220703125 0.19359534218750002 0.1328125 0.179585153125 0.138671875 0.161754003125 0.138671875 0.151564775 0.13671875 0.143922853125 0.1298828125 0.1324599703125 0.1240234375 0.12736535625 0.1181640625 0.12481804999999999 0.1044921875 0.12481804999999999 0.0947265625 0.1299126640625 0.087890625 0.1388282390625 0.08203125 0.15411208125 0.08203125 0.1668486171875 0.083984375 0.1744905390625 0.087890625 0.182132459375
1 0.0693359375 0.27256186250000003 0.0849609375 0.277656478125 0.0966796875 0.27510917031250004 0.1025390625 0.27001455625 0.111328125 0.2585516734375 0.115234375 0.2458151390625 0.115234375 0.235625909375 0.11328125 0.2279839890625 0.1044921875 0.21652110625 0.0908203125 0.20887918437500003 0.0791015625 0.20887918437500003 0.0712890625 0.2139737984375 0.064453125 0.2228893734375 0.05859375 0.2381732171875 0.05859375 0.25345705937499996 0.0625 0.26364628749999997 0.0693359375 0.27256186250000003
1 0.044921875 0.360443959375 0.0478515625 0.3642649203125 0.0556640625 0.369359534375 0.0732421875 0.369359534375 0.0810546875 0.3642649203125 0.095703125 0.3451601171875 0.099609375 0.33497088750000004 0.1015625 0.31459243125 0.0927734375 0.3031295484375 0.0830078125 0.29548762812499996 0.0771484375 0.2929403203125 0.0673828125 0.2929403203125 0.0595703125 0.29548762812499996 0.0498046875 0.3031295484375 0.037109375 0.3196870453125 0.03515625 0.32732896718750004 0.03515625 0.3375181953125 0.0390625 0.35025473125 0.044921875 0.360443959375
1 0.6591796875 0.1120815140625 0.6748046875 0.117176128125 0.6865234375 0.11462882031249999 0.69140625 0.108260553125 0.6953125 0.098071325 0.697265625 0.08788209531249999 0.697265625 0.0751455609375 0.6953125 0.06240902499999999 0.69140625 0.052219796875 0.6845703125 0.043304221875 0.6748046875 0.03820960625 0.6611328125 0.03820960625 0.6552734375 0.040756914062499996 0.646484375 0.052219796875 0.64453125 0.057314410937500004 0.642578125 0.06495633125 0.642578125 0.0853347890625 0.646484375 0.0955240171875 0.6591796875 0.1120815140625
1 0.705078125 0.151564775 0.7158203125 0.16302765624999999 0.7216796875 0.1655749640625 0.7294921875 0.1655749640625 0.7353515625 0.16302765624999999 0.7431640625 0.15793304218749998 0.75 0.1490174671875 0.75390625 0.1388282390625 0.75390625 0.1209970890625 0.75 0.1057132453125 0.74609375 0.0955240171875 0.7412109375 0.08915575 0.7333984375 0.0840611359375 0.7216796875 0.0840611359375 0.7158203125 0.0866084421875 0.70703125 0.098071325 0.701171875 0.11335516718750001 0.69921875 0.1209970890625 0.69921875 0.13628093125000001 0.701171875 0.143922853125 0.705078125 0.151564775
1 0.8369140625 0.2929403203125 0.8486328125 0.3005822421875 0.8544921875 0.3031295484375 0.8642578125 0.3031295484375 0.8701171875 0.3005822421875 0.880859375 0.286572053125 0.88671875 0.271288209375 0.88671875 0.25345705937499996 0.880859375 0.2381732171875 0.8681640625 0.224163028125 0.8603515625 0.2216157203125 0.8486328125 0.2216157203125 0.8427734375 0.224163028125 0.8369140625 0.22925764218750003 0.830078125 0.2381732171875 0.828125 0.24326783125 0.826171875 0.250909753125 0.826171875 0.268740903125 0.828125 0.2763828234375 0.8369140625 0.2929403203125
1 0.8447265625 0.389737990625 0.8505859375 0.3922852984375 0.8564453125 0.3922852984375 0.8662109375 0.38719068437500004 0.876953125 0.37572780156249996 0.880859375 0.36553857343749996 0.880859375 0.35025473125 0.87890625 0.3451601171875 0.8603515625 0.3209606984375 0.8564453125 0.3184133921875 0.8408203125 0.3184133921875 0.8330078125 0.32350800625 0.826171875 0.33242358125 0.82421875 0.3375181953125 0.822265625 0.3451601171875 0.822265625 0.360443959375 0.82421875 0.36553857343749996 0.8447265625 0.389737990625
1 0.779296875 0.4266739453125 0.7880859375 0.4381368265625 0.7958984375 0.443231440625 0.8134765625 0.4508733625 0.8212890625 0.4483260546875 0.8271484375 0.443231440625 0.8359375 0.431768559375 0.83984375 0.4215793296875 0.841796875 0.4062954875 0.8359375 0.38591703125 0.8271484375 0.3744541484375 0.8193359375 0.369359534375 0.8095703125 0.3668122265625 0.7978515625 0.369359534375 0.7861328125 0.37700145625000003 0.77734375 0.3910116453125 0.775390625 0.40374818125 0.775390625 0.413937409375 0.77734375 0.4215793296875 0.779296875 0.4266739453125
1 0.7841796875 0.5221979625000001 0.7919921875 0.52474526875 0.7978515625 0.52474526875 0.8037109375 0.5221979625000001 0.8115234375 0.5171033484375 0.82421875 0.5005458515625001 0.826171875 0.49290392968749996 0.826171875 0.4750727796875 0.82421875 0.467430859375 0.8203125 0.45978893750000005 0.8115234375 0.4508733625 0.8017578125 0.44577874843750004 0.7919921875 0.44577874843750004 0.7822265625 0.4508733625 0.7734375 0.4623362453125 0.76953125 0.47252547343750007 0.76953125 0.5005458515625001 0.7734375 0.5107350796875 0.7841796875 0.5221979625000001
1 0.7119140625 0.4381368265625 0.7275390625 0.4381368265625 0.7314453125 0.4355895203125 0.73828125 0.4266739453125 0.744140625 0.4062954875 0.744140625 0.380822415625 0.73828125 0.36808588124999997 0.7236328125 0.3566229984375 0.7158203125 0.3540756921875 0.7021484375 0.3617176125 0.693359375 0.3731804953125 0.689453125 0.38336972343750003 0.689453125 0.40884279531249995 0.697265625 0.4266739453125 0.7119140625 0.4381368265625
1 0.6767578125 0.6317321687499999 0.6884765625 0.6291848609375 0.7060546875 0.6189956328124999 0.71484375 0.6075327515625 0.72265625 0.5820596796874999 0.72265625 0.5642285296875 0.71875 0.5540393015625 0.7119140625 0.5451237265625 0.7041015625 0.5400291125 0.6845703125 0.5400291125 0.6708984375 0.5527656484375 0.65234375 0.5769650656249999 0.6484375 0.5897016015625 0.646484375 0.60498544375 0.650390625 0.6177219796875 0.6572265625 0.6266375546875 0.6767578125 0.6317321687499999
1 0.6279296875 0.6801310046875 0.6494140625 0.6801310046875 0.6591796875 0.675036390625 0.671875 0.65847889375 0.67578125 0.648289665625 0.677734375 0.6355531296875 0.6728515625 0.6291848609375 0.6455078125 0.603711790625 0.6416015625 0.603711790625 0.6259765625 0.61390101875 0.615234375 0.6279112078125 0.611328125 0.6381004359375 0.611328125 0.6559315859375 0.615234375 0.666120815625 0.6279296875 0.6801310046875
1 0.5546875 0.64064774375 0.5615234375 0.6470160109374999 0.5712890625 0.6521106265625 0.5810546875 0.6521106265625 0.5908203125 0.6470160109374999 0.6015625 0.633005821875 0.60546875 0.62281659375 0.60546875 0.6075327515625 0.599609375 0.5922489078125001 0.5888671875 0.5807860265625 0.5830078125 0.57823871875 0.5693359375 0.57823871875 0.5634765625 0.5807860265625 0.552734375 0.5922489078125001 0.548828125 0.6024381375 0.548828125 0.6253639015625 0.55078125 0.633005821875 0.5546875 0.64064774375
1 0.4951171875 0.7514556046875 0.5029296875 0.75655021875 0.5126953125 0.7590975249999999 0.5224609375 0.75655021875 0.53125 0.74763464375 0.53515625 0.739992721875 0.537109375 0.72980349375 0.53515625 0.71451965 0.529296875 0.6966885 0.5185546875 0.6826783109375001 0.5146484375 0.6801310046875 0.5048828125 0.6801310046875 0.4990234375 0.6826783109375001 0.4951171875 0.68522561875 0.48828125 0.6941411937499999 0.486328125 0.6992358078125 0.484375 0.7068777296875 0.484375 0.7323508000000001 0.490234375 0.7450873359375 0.4951171875 0.7514556046875
1 0.4736328125 0.840611353125 0.4853515625 0.848253275 0.4990234375 0.8508005828125 0.5068359375 0.848253275 0.5146484375 0.8431586609374999 0.521484375 0.8316957781250001 0.525390625 0.813864628125 0.525390625 0.8036754 0.5234375 0.7934861718749999 0.51953125 0.78329694375 0.5126953125 0.7743813687500001 0.4990234375 0.7667394468750001 0.4833984375 0.7667394468750001 0.4755859375 0.7718340609375 0.466796875 0.78329694375 0.46484375 0.7883915578125 0.462890625 0.7985807859375 0.462890625 0.813864628125 0.466796875 0.8291484718750001 0.4736328125 0.840611353125
1 0.5595703125 0.812590975 0.5693359375 0.8202328968750001 0.5791015625 0.822780203125 0.5908203125 0.8176855890624999 0.6015625 0.8036754 0.60546875 0.796033478125 0.607421875 0.78329694375 0.603515625 0.7680131 0.595703125 0.74763464375 0.5908203125 0.741266375 0.5830078125 0.7361717609375 0.5654296875 0.7361717609375 0.5595703125 0.73871906875 0.5537109375 0.7438136828124999 0.544921875 0.757823871875 0.54296875 0.76546579375 0.54296875 0.7807496359375 0.548828125 0.7985807859375 0.5595703125 0.812590975
1 0.6240234375 0.7820232890625001 0.6337890625 0.7871179046875 0.6474609375 0.7871179046875 0.6552734375 0.7820232890625001 0.658203125 0.7782023296875 0.662109375 0.7705604078125 0.6640625 0.7629184859375 0.6640625 0.7450873359375 0.65625 0.722161571875 0.6513671875 0.7157933046875 0.6435546875 0.710698690625 0.6357421875 0.710698690625 0.6298828125 0.713245996875 0.6201171875 0.72088791875 0.61328125 0.7323508000000001 0.611328125 0.737445415625 0.611328125 0.7603711796875 0.6171875 0.7731077140625 0.6240234375 0.7820232890625001
1 0.6787109375 0.7438136828124999 0.6826171875 0.7463609890625 0.6904296875 0.748908296875 0.7021484375 0.748908296875 0.7080078125 0.7463609890625 0.7119140625 0.7438136828124999 0.716796875 0.737445415625 0.72265625 0.7247088796875001 0.724609375 0.7170669578125 0.724609375 0.7068777296875 0.72265625 0.6941411937499999 0.716796875 0.6814046578124999 0.7119140625 0.675036390625 0.7021484375 0.66739446875 0.6943359375 0.6648471609375 0.6865234375 0.6648471609375 0.6806640625 0.66739446875 0.6767578125 0.6699417765625 0.6640625 0.686499271875 0.662109375 0.6915938859375 0.66015625 0.701783115625 0.662109375 0.71451965 0.671875 0.7348981078125 0.6787109375 0.7438136828124999
1 0.6455078125 0.8711790390624999 0.6533203125 0.876273653125 0.6630859375 0.876273653125 0.6669921875 0.873726346875 0.6796875 0.8571688500000001 0.68359375 0.849526928125 0.6875 0.83679039375 0.6875 0.8316957781250001 0.68359375 0.81895924375 0.6748046875 0.8074963609375001 0.6669921875 0.802401746875 0.6494140625 0.802401746875 0.6455078125 0.8049490531249999 0.634765625 0.81895924375 0.6328125 0.8240538578125 0.630859375 0.8316957781250001 0.630859375 0.8418850078125001 0.634765625 0.8571688500000001 0.6455078125 0.8711790390624999
1 0.5341796875 0.9195778750000001 0.5439453125 0.9246724890625 0.5595703125 0.9246724890625 0.5634765625 0.92212518125 0.576171875 0.9055676859374999 0.580078125 0.8953784578124999 0.580078125 0.8724526921875 0.578125 0.864810771875 0.57421875 0.8571688500000001 0.5673828125 0.848253275 0.5595703125 0.8431586609374999 0.5517578125 0.840611353125 0.5341796875 0.8431586609374999 0.5283203125 0.848253275 0.51953125 0.8597161578125 0.517578125 0.864810771875 0.517578125 0.8928311499999999 0.521484375 0.903020378125 0.5341796875 0.9195778750000001
1 0.4658203125 0.9552401749999999 0.4794921875 0.9628820953125 0.4892578125 0.9628820953125 0.4951171875 0.9603347890625 0.5009765625 0.9552401749999999 0.505859375 0.94887190625 0.509765625 0.9386826781250001 0.513671875 0.9208515281249999 0.51171875 0.9106623 0.505859375 0.8953784578124999 0.5009765625 0.8890101890625 0.4912109375 0.883915575 0.4775390625 0.883915575 0.4677734375 0.8890101890625 0.458984375 0.900473071875 0.455078125 0.9106623 0.453125 0.9259461421875 0.455078125 0.936135371875 0.458984375 0.9463246 0.4658203125 0.9552401749999999
1 0.4033203125 0.9603347890625 0.4189453125 0.9603347890625 0.4267578125 0.9552401749999999 0.431640625 0.94887190625 0.43359375 0.9412299859375001 0.431640625 0.900473071875 0.4287109375 0.8966521109375 0.4208984375 0.8966521109375 0.3994140625 0.9068413390625001 0.392578125 0.9157569140625 0.390625 0.9208515281249999 0.388671875 0.92849345 0.390625 0.9412299859375001 0.396484375 0.9539665218750001 0.4033203125 0.9603347890625
1 0.2041015625 0.9144832609375 0.2197265625 0.9144832609375 0.2236328125 0.911935953125 0.232421875 0.900473071875 0.236328125 0.8877365359375 0.236328125 0.8724526921875 0.232421875 0.8571688500000001 0.2236328125 0.8457059687499999 0.2197265625 0.8431586609374999 0.2041015625 0.8431586609374999 0.1962890625 0.848253275 0.19140625 0.8546215421875001 0.1875 0.864810771875 0.1875 0.8877365359375 0.1953125 0.9055676859374999 0.2041015625 0.9144832609375
1 0.0810546875 0.82787481875 0.0849609375 0.8304221249999999 0.0908203125 0.8329694328125001 0.1064453125 0.8304221249999999 0.1123046875 0.8253275109375 0.12109375 0.813864628125 0.125 0.8062227078124999 0.126953125 0.7985807859375 0.126953125 0.7731077140625 0.123046875 0.7629184859375 0.1103515625 0.7514556046875 0.1044921875 0.748908296875 0.0947265625 0.748908296875 0.0888671875 0.7514556046875 0.0810546875 0.75655021875 0.0703125 0.7705604078125 0.068359375 0.775655021875 0.06640625 0.78329694375 0.06640625 0.8036754 0.068359375 0.8113173218749999 0.0810546875 0.82787481875
1 0.0791015625 0.9144832609375 0.0830078125 0.9170305671874999 0.1083984375 0.9170305671874999 0.1142578125 0.9144832609375 0.123046875 0.903020378125 0.125 0.8979257640625 0.126953125 0.8902838421875 0.126953125 0.8699053859375001 0.125 0.8622634640625 0.12109375 0.8546215421875001 0.1142578125 0.848253275 0.1083984375 0.8457059687499999 0.0947265625 0.8457059687499999 0.0830078125 0.848253275 0.0751953125 0.8533478890625 0.068359375 0.8622634640625 0.06640625 0.8673580781249999 0.064453125 0.8775473078125 0.06640625 0.8928311499999999 0.0703125 0.903020378125 0.0791015625 0.9144832609375
1 0.0732421875 0.9858078609375 0.0986328125 0.9985443953124999 0.1142578125 0.9985443953124999 0.1298828125 0.9883551671875 0.134765625 0.9819869000000001 0.13671875 0.974344978125 0.13671875 0.9565138281250001 0.134765625 0.9514192140625 0.1259765625 0.93995633125 0.1162109375 0.9323144109375001 0.1103515625 0.9297671031249999 0.0927734375 0.9297671031249999 0.0849609375 0.9323144109375001 0.0751953125 0.937409025 0.06640625 0.94887190625 0.064453125 0.9539665218750001 0.064453125 0.9717976703125 0.06640625 0.9768922859375 0.0732421875 0.9858078609375
1 0.568359375 0.9972707421875 0.568359375 0.9921761281249999 0.564453125 0.9819869000000001 0.5537109375 0.9679767109374999 0.5400390625 0.9603347890625 0.5263671875 0.9603347890625 0.5185546875 0.9628820953125 0.50390625 0.9794395921874999 0.5 0.9896288203125 0.5009765625 0.9985443953124999 0.5673828125 0.9985443953124999 0.568359375 0.9972707421875
1 0.7548828125 1 0.771484375 0.9972707421875 0.771484375 0.9921761281249999 0.767578125 0.9819869000000001 0.7587890625 0.9705240171874999 0.7509765625 0.965429403125 0.7333984375 0.965429403125 0.720703125 0.9794395921874999 0.716796875 0.9896288203125 0.7177734375 0.9985443953124999 0.7353515625 1 0.7548828125 1
1 0.859375 0.9386826781250001 0.8642578125 0.9450509468750001 0.8779296875 0.9526928671875 0.8896484375 0.9526928671875 0.9013671875 0.947598253125 0.916015625 0.92849345 0.919921875 0.9183042218749999 0.921875 0.9081149921874999 0.921875 0.8979257640625 0.91796875 0.8826419218750001 0.9091796875 0.8711790390624999 0.8955078125 0.8635371171875 0.8798828125 0.8635371171875 0.8740234375 0.866084425 0.8662109375 0.8711790390624999 0.85546875 0.885189228125 0.853515625 0.8902838421875 0.8515625 0.8979257640625 0.8515625 0.91320960625 0.853515625 0.9233988359374999 0.859375 0.9386826781250001
1 0.873046875 0.8393377 0.8798828125 0.848253275 0.8837890625 0.8508005828125 0.8955078125 0.8508005828125 0.9013671875 0.848253275 0.908203125 0.8393377 0.9140625 0.8240538578125 0.9140625 0.8036754 0.91015625 0.7883915578125 0.8994140625 0.7743813687500001 0.8916015625 0.7692867546875 0.8837890625 0.7692867546875 0.8740234375 0.7743813687500001 0.869140625 0.7807496359375 0.8671875 0.78584425 0.865234375 0.7934861718749999 0.865234375 0.813864628125 0.869140625 0.8316957781250001 0.873046875 0.8393377
1 0.94140625 0.7552765640625 0.9521484375 0.7692867546875 0.9580078125 0.7718340609375 0.9677734375 0.7718340609375 0.9794921875 0.7667394468750001 0.990234375 0.7527292578125 0.994140625 0.737445415625 0.994140625 0.72980349375 0.9921875 0.719614265625 0.98828125 0.7094250359375 0.9814453125 0.7005094609375 0.9736328125 0.695414846875 0.9638671875 0.695414846875 0.935546875 0.71451965 0.93359375 0.722161571875 0.93359375 0.7323508000000001 0.935546875 0.739992721875 0.94140625 0.7552765640625
1 0.9365234375 0.6368267828125 0.9462890625 0.641921396875 0.9677734375 0.641921396875 0.9716796875 0.639374090625 0.98046875 0.6279112078125 0.982421875 0.62281659375 0.982421875 0.6024381375 0.978515625 0.5922489078125001 0.9677734375 0.57823871875 0.9560546875 0.5705967984375 0.9423828125 0.5705967984375 0.9326171875 0.5756914125 0.927734375 0.5820596796874999 0.923828125 0.5922489078125001 0.923828125 0.6126273656250001 0.9306640625 0.6317321687499999 0.9365234375 0.6368267828125
1 0.9521484375 0.5272925765625 0.9638671875 0.532387190625 0.9755859375 0.5298398828125 0.9833984375 0.52474526875 0.990234375 0.51582969375 0.994140625 0.505640465625 0.994140625 0.487809315625 0.9833984375 0.4687045125 0.9697265625 0.45851528437500005 0.9541015625 0.45851528437500005 0.9482421875 0.461062590625 0.939453125 0.469978165625 0.935546875 0.48016739375000006 0.935546875 0.5005458515625001 0.939453125 0.5107350796875 0.9521484375 0.5272925765625
1 0.9228515625 0.42794759843749997 0.9306640625 0.4330422125 0.9404296875 0.4355895203125 0.9482421875 0.4355895203125 0.9541015625 0.4330422125 0.9580078125 0.43049490468749996 0.962890625 0.4241266375 0.96875 0.4113901015625 0.970703125 0.40374818125 0.970703125 0.3884643375 0.966796875 0.378275109375 0.9560546875 0.3642649203125 0.9482421875 0.35917030625 0.9306640625 0.35917030625 0.9248046875 0.3617176125 0.9208984375 0.3642649203125 0.916015625 0.3706331875 0.912109375 0.380822415625 0.91015625 0.3884643375 0.91015625 0.4062954875 0.9140625 0.41648471562499995 0.9228515625 0.42794759843749997
1 0.892578125 0.108260553125 0.9033203125 0.1222707421875 0.9130859375 0.12481804999999999 0.9306640625 0.12481804999999999 0.9384765625 0.11972343593749998 0.9453125 0.11080786093749999 0.94921875 0.0955240171875 0.947265625 0.0853347890625 0.9375 0.06495633125 0.9248046875 0.0483988359375 0.9033203125 0.0483988359375 0.890625 0.06240902499999999 0.88671875 0.072598253125 0.88671875 0.0853347890625 0.888671875 0.0955240171875 0.892578125 0.108260553125
1 0.7978515625 0.056040756250000004 0.8056640625 0.061135371875 0.8193359375 0.061135371875 0.8232421875 0.0585880640625 0.83203125 0.047125181249999995 0.833984375 0.0420305671875 0.833984375 0.0318413390625 0.826171875 0.0114628828125 0.8212890625 0.0050946140625 0.8173828125 0.0025473078125 0.8017578125 0.0025473078125 0.79296875 0.014010189062500001 0.7890625 0.0241994171875 0.7890625 0.0420305671875 0.791015625 0.047125181249999995 0.7978515625 0.056040756250000004
1 0.3818359375 0 0.376953125 0.0063682671875 0.376953125 0.0241994171875 0.3828125 0.0394832609375 0.3955078125 0.05349345 0.4072265625 0.0585880640625 0.4130859375 0.0585880640625 0.4208984375 0.056040756250000004 0.431640625 0.044577875 0.4375 0.026746725 0.4375 0.019104803125 0.435546875 0.0114628828125 0.4287109375 0 0.3818359375 0
2 0.5869140625 0.5527656484375 0.5927734375 0.5578602625 0.6103515625 0.568049490625 0.6240234375 0.5705967984375 0.6337890625 0.568049490625 0.6474609375 0.56040756875 0.6552734375 0.5527656484375 0.669921875 0.53366084375 0.677734375 0.5107350796875 0.6796875 0.49545123750000003 0.6796875 0.4827147015625 0.67578125 0.467430859375 0.666015625 0.44705240156250003 0.6591796875 0.4381368265625 0.6357421875 0.425400290625 0.6220703125 0.42285298437499996 0.6123046875 0.425400290625 0.5966796875 0.4355895203125 0.5888671875 0.443231440625 0.576171875 0.45978893750000005 0.5703125 0.47252547343750007 0.56640625 0.487809315625 0.56640625 0.5132823875 0.57421875 0.5362081515625 0.5869140625 0.5527656484375
0 0.7626953125 0.0662299859375 0.76953125 0.057314410937500004 0.76953125 0.0394832609375 0.767578125 0.034388646875 0.7626953125 0.0305676859375 0.7529296875 0.0305676859375 0.748046875 0.034388646875 0.744140625 0.044577875 0.744140625 0.059861717187499996 0.7509765625 0.0662299859375 0.7626953125 0.0662299859375