2 0.3603515625 0.5221979625000001 0.3681640625 0.5298398828125 0.3896484375 0.5374818046875001 0.4091796875 0.5349344984375 0.4189453125 0.5298398828125 0.4306640625 0.5196506546874999 0.4384765625 0.5120087343749999 0.4453125 0.5005458515625001 0.451171875 0.4827147015625 0.451171875 0.4394104796875 0.439453125 0.413937409375 0.4345703125 0.407569140625 0.4306640625 0.405021834375 0.4248046875 0.40247452656249993 0.4091796875 0.40247452656249993 0.3974609375 0.405021834375 0.3876953125 0.41011644843750006 0.3798828125 0.4177583703125 0.359375 0.44450509531250004 0.3515625 0.4623362453125 0.349609375 0.48016739375000006 0.349609375 0.503093159375 0.353515625 0.5132823875 0.3603515625 0.5221979625000001
1 0.5986328125 0.5527656484375 0.6044921875 0.5553129546875 0.6162109375 0.5553129546875 0.6240234375 0.5502183406250001 0.63671875 0.53366084375 0.638671875 0.5285662296875 0.640625 0.5183770015625 0.640625 0.505640465625 0.638671875 0.49799854374999997 0.63671875 0.49290392968749996 0.6279296875 0.4814410484375 0.6240234375 0.47889374062499995 0.6103515625 0.47889374062499995 0.6005859375 0.4839883546875 0.59375 0.49290392968749996 0.58984375 0.503093159375 0.587890625 0.5107350796875 0.587890625 0.5362081515625 0.591796875 0.5463973796875 0.5986328125 0.5527656484375
1 0.5966796875 0.41521106249999995 0.6044921875 0.4203056765625 0.6220703125 0.4203056765625 0.6318359375 0.4126637546875 0.63671875 0.4062954875 0.642578125 0.3884643375 0.642578125 0.37572780156249996 0.638671875 0.362991265625 0.6298828125 0.351528384375 0.6220703125 0.3464337703125 0.6064453125 0.3464337703125 0.5927734375 0.3566229984375 0.587890625 0.36553857343749996 0.583984375 0.38336972343750003 0.583984375 0.3935589515625 0.587890625 0.40374818125 0.5966796875 0.41521106249999995
1 0.4677734375 0.5578602625 0.4736328125 0.56040756875 0.4814453125 0.56040756875 0.4892578125 0.5578602625 0.4970703125 0.5527656484375 0.5078125 0.5387554578125 0.51171875 0.5311135375 0.513671875 0.523471615625 0.515625 0.5132823875 0.515625 0.503093159375 0.51171875 0.49035662343749997 0.5029296875 0.47889374062499995 0.4970703125 0.476346434375 0.4814453125 0.476346434375 0.4697265625 0.4839883546875 0.462890625 0.49290392968749996 0.455078125 0.5081877734375 0.455078125 0.53366084375 0.4609375 0.5489446874999999 0.4677734375 0.5578602625
1 0.3994140625 0.6113537124999999 0.4072265625 0.6164483265625 0.4130859375 0.6189956328124999 0.4189453125 0.6189956328124999 0.4287109375 0.61390101875 0.455078125 0.579512371875 0.45703125 0.5718704515625 0.45703125 0.5616812234374999 0.453125 0.55149199375 0.4404296875 0.5349344984375 0.4306640625 0.5349344984375 0.3994140625 0.5527656484375 0.390625 0.5642285296875 0.388671875 0.5693231437499999 0.38671875 0.5769650656249999 0.38671875 0.5846069875000001 0.392578125 0.6024381375 0.3994140625 0.6113537124999999
1 0.5400390625 0.677583696875 0.5439453125 0.6801310046875 0.5693359375 0.6801310046875 0.5751953125 0.677583696875 0.587890625 0.6635735078125 0.591796875 0.6533842796875 0.591796875 0.633005821875 0.58984375 0.6253639015625 0.5791015625 0.6088064046875 0.5673828125 0.6011644828125 0.5517578125 0.6011644828125 0.5458984375 0.603711790625 0.5400390625 0.6088064046875 0.53125 0.6202692875 0.529296875 0.6253639015625 0.52734375 0.633005821875 0.52734375 0.6559315859375 0.53515625 0.6712154296875 0.5400390625 0.677583696875
1 0.6513671875 0.7463609890625 0.6552734375 0.748908296875 0.6669921875 0.748908296875 0.677734375 0.737445415625 0.693359375 0.7043304218750001 0.6953125 0.6941411937499999 0.6953125 0.6712154296875 0.69140625 0.65847889375 0.6826171875 0.6470160109374999 0.6748046875 0.641921396875 0.6572265625 0.641921396875 0.6533203125 0.6444687046875 0.64453125 0.6559315859375 0.626953125 0.683951965625 0.625 0.6992358078125 0.626953125 0.7094250359375 0.6328125 0.7247088796875001 0.6513671875 0.7463609890625
1 0.5478515625 0.7590975249999999 0.5517578125 0.7616448328125001 0.5595703125 0.7641921390624999 0.5654296875 0.7641921390624999 0.5693359375 0.7616448328125001 0.5751953125 0.75655021875 0.583984375 0.7450873359375 0.587890625 0.737445415625 0.58984375 0.72980349375 0.587890625 0.7170669578125 0.5859375 0.7119723437500001 0.5732421875 0.695414846875 0.5673828125 0.692867540625 0.5537109375 0.692867540625 0.5478515625 0.695414846875 0.541015625 0.7043304218750001 0.5390625 0.7094250359375 0.537109375 0.737445415625 0.5390625 0.7450873359375 0.54296875 0.7527292578125 0.5478515625 0.7590975249999999
1 0.6025390625 0.8074963609375001 0.6162109375 0.8074963609375001 0.6279296875 0.802401746875 0.638671875 0.7883915578125 0.642578125 0.7782023296875 0.642578125 0.7552765640625 0.638671875 0.7450873359375 0.6318359375 0.7361717609375 0.6279296875 0.7336244546875 0.6103515625 0.7336244546875 0.6005859375 0.73871906875 0.5859375 0.757823871875 0.583984375 0.7629184859375 0.58203125 0.775655021875 0.58984375 0.796033478125 0.5947265625 0.802401746875 0.6025390625 0.8074963609375001
1 0.5439453125 0.8508005828125 0.5498046875 0.8533478890625 0.5615234375 0.8533478890625 0.5673828125 0.8508005828125 0.5771484375 0.8431586609374999 0.5859375 0.8291484718750001 0.58984375 0.8113173218749999 0.58984375 0.8036754 0.587890625 0.7934861718749999 0.583984375 0.78329694375 0.5771484375 0.776928675 0.5712890625 0.7743813687500001 0.5556640625 0.7718340609375 0.5439453125 0.7743813687500001 0.5361328125 0.7794759828125 0.52734375 0.7909388640625 0.525390625 0.796033478125 0.5234375 0.8036754 0.5234375 0.82150655 0.53125 0.8393377 0.5439453125 0.8508005828125
1 0.4248046875 0.7005094609375 0.4423828125 0.7081513828125 0.4599609375 0.7005094609375 0.46875 0.6890465796874999 0.470703125 0.683951965625 0.470703125 0.65847889375 0.46875 0.6533842796875 0.4599609375 0.641921396875 0.4462890625 0.6368267828125 0.4365234375 0.6368267828125 0.4267578125 0.639374090625 0.4140625 0.6533842796875 0.412109375 0.6610262015624999 0.412109375 0.6814046578124999 0.416015625 0.6915938859375 0.4248046875 0.7005094609375
1 0.4169921875 0.8049490531249999 0.4306640625 0.8049490531249999 0.4345703125 0.802401746875 0.4453125 0.7883915578125 0.447265625 0.78329694375 0.447265625 0.7603711796875 0.443359375 0.75018195 0.4326171875 0.7361717609375 0.4248046875 0.7310771468749999 0.4130859375 0.7310771468749999 0.4013671875 0.73871906875 0.39453125 0.74763464375 0.390625 0.757823871875 0.388671875 0.7705604078125 0.392578125 0.78329694375 0.3994140625 0.79221251875 0.4169921875 0.8049490531249999
1 0.3466796875 0.8329694328125001 0.3544921875 0.838064046875 0.3662109375 0.838064046875 0.37890625 0.8266011640625001 0.3828125 0.8164119359375 0.3828125 0.7909388640625 0.380859375 0.78584425 0.3681640625 0.7692867546875 0.3642578125 0.7667394468750001 0.3486328125 0.7667394468750001 0.3447265625 0.7692867546875 0.337890625 0.7782023296875 0.333984375 0.7883915578125 0.333984375 0.8087700140624999 0.3359375 0.8164119359375 0.3466796875 0.8329694328125001
1 0.2451171875 0.659752546875 0.2666015625 0.6724890828125 0.2763671875 0.6724890828125 0.2861328125 0.66739446875 0.294921875 0.6559315859375 0.30078125 0.6431950515625 0.302734375 0.6355531296875 0.302734375 0.6177219796875 0.298828125 0.60498544375 0.2900390625 0.5935225625 0.2822265625 0.588427946875 0.2607421875 0.588427946875 0.2470703125 0.5986171765625 0.236328125 0.615174671875 0.234375 0.6202692875 0.234375 0.6431950515625 0.236328125 0.648289665625 0.2451171875 0.659752546875
1 0.2666015625 0.54257641875 0.2744140625 0.5476710328125 0.2880859375 0.5476710328125 0.2978515625 0.54257641875 0.310546875 0.5260189234375 0.3125 0.5183770015625 0.3125 0.49799854374999997 0.30859375 0.48526200937499997 0.2998046875 0.47125181875 0.2880859375 0.4636098984375 0.2705078125 0.4636098984375 0.2607421875 0.47125181875 0.251953125 0.48526200937499997 0.25 0.49290392968749996 0.25 0.5132823875 0.25390625 0.5260189234375 0.2666015625 0.54257641875
1 0.3076171875 0.4330422125 0.3173828125 0.440684134375 0.3291015625 0.443231440625 0.3427734375 0.4381368265625 0.3466796875 0.4355895203125 0.353515625 0.4266739453125 0.357421875 0.41648471562499995 0.357421875 0.4012008734375 0.353515625 0.3910116453125 0.3427734375 0.37700145625000003 0.3349609375 0.371906840625 0.3173828125 0.371906840625 0.3134765625 0.3744541484375 0.30078125 0.3910116453125 0.298828125 0.398653565625 0.298828125 0.413937409375 0.30078125 0.4215793296875 0.3076171875 0.4330422125
1 0.3486328125 0.3540756921875 0.3525390625 0.3566229984375 0.3662109375 0.3566229984375 0.3759765625 0.351528384375 0.380859375 0.3451601171875 0.384765625 0.33242358125 0.384765625 0.3196870453125 0.3828125 0.30949781718749997 0.3740234375 0.298034934375 0.3701171875 0.29548762812499996 0.3583984375 0.2929403203125 0.3447265625 0.3005822421875 0.341796875 0.3044032015625 0.337890625 0.31459243125 0.337890625 0.33497088750000004 0.341796875 0.3451601171875 0.3486328125 0.3540756921875
1 1 0.008915575 0.9990234375 0.007641921875000001 0.9892578125 0.0050946140625 0.0087890625 0.0050946140625 0.0009765625 0.007641921875000001 0 0.008915575 0 0.936135371875 0.015625 0.9870815140625 0.0205078125 0.99344978125 0.0849609375 0.9959970890625 0.9990234375 0.9959970890625 1 0.9947234359375001 1 0.008915575
1 0.400390625 0.37572780156249996 0.4091796875 0.38464337656250003 0.4306640625 0.38464337656250003 0.4384765625 0.37954876249999997 0.447265625 0.362991265625 0.447265625 0.33242358125 0.439453125 0.3171397375 0.4326171875 0.3082241625 0.4287109375 0.30567685624999996 0.4169921875 0.30567685624999996 0.4072265625 0.3107714703125 0.400390625 0.3196870453125 0.39453125 0.33242358125 0.392578125 0.3451601171875 0.392578125 0.3553493453125 0.39453125 0.362991265625 0.400390625 0.37572780156249996
1 0.4306640625 0.28784570625 0.4365234375 0.2929403203125 0.4443359375 0.29548762812499996 0.4580078125 0.29548762812499996 0.4658203125 0.2903930125 0.47265625 0.2814774375 0.478515625 0.2585516734375 0.478515625 0.2458151390625 0.474609375 0.233078603125 0.4658203125 0.2216157203125 0.4541015625 0.21652110625 0.4462890625 0.21652110625 0.4384765625 0.21906841406250002 0.4345703125 0.2216157203125 0.421875 0.2381732171875 0.419921875 0.24326783125 0.41796875 0.250909753125 0.41796875 0.2661935953125 0.419921875 0.2738355171875 0.4306640625 0.28784570625
1 0.4697265625 0.191048034375 0.4794921875 0.1961426484375 0.4892578125 0.1961426484375 0.5009765625 0.191048034375 0.509765625 0.182132459375 0.51171875 0.1770378453125 0.51171875 0.14647015937500002 0.509765625 0.14137554531250002 0.4931640625 0.1222707421875 0.4892578125 0.11972343593749998 0.4814453125 0.11972343593749998 0.4736328125 0.12481804999999999 0.46484375 0.13628093125000001 0.4609375 0.14647015937500002 0.4609375 0.1770378453125 0.462890625 0.182132459375 0.4697265625 0.191048034375
1 0.3466796875 0.14519650625 0.3603515625 0.15283842812499998 0.3681640625 0.15283842812499998 0.3779296875 0.14774381406249998 0.388671875 0.133733625 0.392578125 0.126091703125 0.39453125 0.11844978125000001 0.39453125 0.11080786093749999 0.392578125 0.1031659390625 0.388671875 0.0955240171875 0.3818359375 0.08915575 0.3720703125 0.0840611359375 0.3544921875 0.0840611359375 0.3427734375 0.09425036406250001 0.33984375 0.10061863124999999 0.337890625 0.108260553125 0.337890625 0.12863901093750002 0.33984375 0.13628093125000001 0.3466796875 0.14519650625
1 0.4541015625 0.09170305625 0.4619140625 0.0967976703125 0.4755859375 0.0967976703125 0.4814453125 0.09425036406250001 0.490234375 0.08278748124999999 0.494140625 0.072598253125 0.494140625 0.052219796875 0.4921875 0.044577875 0.4833984375 0.0305676859375 0.4736328125 0.0229257640625 0.4580078125 0.0229257640625 0.4482421875 0.0305676859375 0.443359375 0.036935953125 0.439453125 0.047125181249999995 0.439453125 0.0675036390625 0.443359375 0.0776928671875 0.4541015625 0.09170305625
1 0.681640625 0.233078603125 0.6884765625 0.241994178125 0.6982421875 0.24708879218750002 0.7080078125 0.24708879218750002 0.7177734375 0.241994178125 0.728515625 0.2279839890625 0.732421875 0.21524745312500002 0.732421875 0.1948689953125 0.7265625 0.1770378453125 0.7216796875 0.170669578125 0.7138671875 0.1655749640625 0.6982421875 0.1655749640625 0.6904296875 0.170669578125 0.6796875 0.1846797671875 0.67578125 0.1948689953125 0.67578125 0.21779475937499998 0.677734375 0.22543668125 0.681640625 0.233078603125
1 0.7314453125 0.1018922859375 0.7392578125 0.1069869 0.7548828125 0.1069869 0.7646484375 0.1018922859375 0.771484375 0.0929767109375 0.7734375 0.08788209531249999 0.7734375 0.0751455609375 0.771484375 0.06495633125 0.76953125 0.057314410937500004 0.7607421875 0.045851528125 0.7509765625 0.040756914062499996 0.7431640625 0.040756914062499996 0.7333984375 0.045851528125 0.7265625 0.05476710312500001 0.72265625 0.06495633125 0.72265625 0.0853347890625 0.724609375 0.0929767109375 0.7314453125 0.1018922859375
1 0.7958984375 0.27001455625 0.8037109375 0.27510917031250004 0.8154296875 0.27510917031250004 0.8251953125 0.27001455625 0.837890625 0.25345705937499996 0.83984375 0.2483624453125 0.83984375 0.2305312953125 0.8359375 0.2203420671875 0.8271484375 0.20887918437500003 0.8232421875 0.206331878125 0.8076171875 0.206331878125 0.8037109375 0.20887918437500003 0.794921875 0.21779475937499998 0.791015625 0.2279839890625 0.7890625 0.235625909375 0.7890625 0.2585516734375 0.791015625 0.26364628749999997 0.7958984375 0.27001455625
1 0.7998046875 0.18850072812500002 0.8095703125 0.19359534218750002 0.8193359375 0.19359534218750002 0.8349609375 0.18850072812500002 0.8427734375 0.18085880625 0.84765625 0.17194323125 0.84765625 0.1592066953125 0.845703125 0.151564775 0.8388671875 0.1426492 0.8349609375 0.1401018921875 0.8251953125 0.137554584375 0.8154296875 0.137554584375 0.8017578125 0.14519650625 0.794921875 0.15411208125 0.79296875 0.161754003125 0.79296875 0.1744905390625 0.794921875 0.182132459375 0.7998046875 0.18850072812500002
1 0.8232421875 0.37700145625000003 0.8369140625 0.38464337656250003 0.8466796875 0.38464337656250003 0.8525390625 0.3820960703125 0.86328125 0.3706331875 0.869140625 0.3553493453125 0.869140625 0.3298762734375 0.865234375 0.3196870453125 0.8564453125 0.3082241625 0.8466796875 0.3031295484375 0.8388671875 0.3031295484375 0.8291015625 0.3082241625 0.818359375 0.3196870453125 0.810546875 0.3400655015625 0.810546875 0.3528020375 0.814453125 0.36553857343749996 0.8232421875 0.37700145625000003
1 0.7080078125 0.4203056765625 0.7216796875 0.4203056765625 0.7314453125 0.41521106249999995 0.7421875 0.4012008734375 0.74609375 0.38591703125 0.74609375 0.378275109375 0.744140625 0.36808588124999997 0.7333984375 0.351528384375 0.7255859375 0.3464337703125 0.7138671875 0.3438864625 0.7001953125 0.351528384375 0.693359375 0.360443959375 0.689453125 0.3706331875 0.689453125 0.398653565625 0.7041015625 0.4177583703125 0.7080078125 0.4203056765625
1 0.7666015625 0.41011644843750006 0.7724609375 0.4126637546875 0.7841796875 0.4126637546875 0.7958984375 0.407569140625 0.80859375 0.38591703125 0.80859375 0.36808588124999997 0.806640625 0.3578966515625 0.7939453125 0.34133915625 0.7822265625 0.3362445421875 0.7783203125 0.3362445421875 0.7685546875 0.3438864625 0.759765625 0.3578966515625 0.755859375 0.3706331875 0.755859375 0.38591703125 0.7578125 0.398653565625 0.7666015625 0.41011644843750006
1 0.9384765625 0.38719068437500004 0.9482421875 0.3922852984375 0.9580078125 0.3922852984375 0.9677734375 0.38719068437500004 0.978515625 0.3731804953125 0.98046875 0.362991265625 0.98046875 0.3477074234375 0.9765625 0.3375181953125 0.9677734375 0.32605531249999997 0.9599609375 0.3209606984375 0.9462890625 0.3209606984375 0.9365234375 0.32605531249999997 0.927734375 0.3400655015625 0.92578125 0.3477074234375 0.92578125 0.362991265625 0.9296875 0.37572780156249996 0.9384765625 0.38719068437500004
1 0.8984375 0.5005458515625001 0.9033203125 0.5069141187499999 0.9130859375 0.514556040625 0.9208984375 0.5171033484375 0.9306640625 0.5171033484375 0.9384765625 0.514556040625 0.9462890625 0.5094614265625 0.95703125 0.49545123750000003 0.9609375 0.4827147015625 0.9609375 0.4368631734375 0.955078125 0.4190320234375 0.9482421875 0.41011644843750006 0.9423828125 0.405021834375 0.9306640625 0.3999272203125 0.9189453125 0.3999272203125 0.9150390625 0.40247452656249993 0.908203125 0.4113901015625 0.900390625 0.4241266375 0.89453125 0.4394104796875 0.892578125 0.449599709375 0.892578125 0.48016739375000006 0.89453125 0.49035662343749997 0.8984375 0.5005458515625001
1 0.8408203125 0.514556040625 0.8505859375 0.5196506546874999 0.8603515625 0.5196506546874999 0.8701171875 0.514556040625 0.87890625 0.503093159375 0.880859375 0.49545123750000003 0.880859375 0.48016739375000006 0.875 0.4623362453125 0.8701171875 0.4559679765625 0.8623046875 0.4508733625 0.8486328125 0.4483260546875 0.8349609375 0.4559679765625 0.83203125 0.45978893750000005 0.828125 0.469978165625 0.826171875 0.47762008749999996 0.828125 0.49290392968749996 0.83203125 0.503093159375 0.8408203125 0.514556040625
1 0.9189453125 0.6088064046875 0.9326171875 0.6088064046875 0.9423828125 0.603711790625 0.953125 0.5922489078125001 0.955078125 0.5871542937500001 0.955078125 0.5667758375 0.953125 0.559133915625 0.9462890625 0.5502183406250001 0.9384765625 0.5451237265625 0.9267578125 0.54257641875 0.9189453125 0.5451237265625 0.9111328125 0.5502183406250001 0.908203125 0.5565866078124999 0.90625 0.5922489078125001 0.908203125 0.597343521875 0.9150390625 0.606259096875 0.9189453125 0.6088064046875
1 0.8701171875 0.6113537124999999 0.8955078125 0.59606986875 0.90234375 0.5871542937500001 0.904296875 0.5820596796874999 0.904296875 0.5540393015625 0.90234375 0.5438500734375 0.900390625 0.5387554578125 0.8935546875 0.5298398828125 0.8896484375 0.5272925765625 0.8837890625 0.52474526875 0.8759765625 0.52474526875 0.8623046875 0.532387190625 0.857421875 0.5387554578125 0.849609375 0.5540393015625 0.84765625 0.5642285296875 0.859375 0.5998908296875001 0.8623046875 0.606259096875 0.8701171875 0.6113537124999999
1 0.8095703125 0.6266375546875 0.8212890625 0.6317321687499999 0.8330078125 0.6317321687499999 0.8388671875 0.6291848609375 0.845703125 0.62281659375 0.853515625 0.60498544375 0.853515625 0.5922489078125001 0.849609375 0.579512371875 0.8388671875 0.5655021828125 0.8330078125 0.56040756875 0.8271484375 0.5578602625 0.8154296875 0.5578602625 0.8056640625 0.5629548765625 0.796875 0.5744177578125 0.794921875 0.5820596796874999 0.794921875 0.6024381375 0.798828125 0.6126273656250001 0.8095703125 0.6266375546875
1 0.8740234375 0.6826783109375001 0.8779296875 0.68522561875 0.8876953125 0.687772925 0.8974609375 0.68522561875 0.9052734375 0.6801310046875 0.91796875 0.6635735078125 0.919921875 0.65847889375 0.919921875 0.630458515625 0.912109375 0.6126273656250001 0.9052734375 0.603711790625 0.8935546875 0.5986171765625 0.8857421875 0.6011644828125 0.8759765625 0.6088064046875 0.8583984375 0.6266375546875 0.853515625 0.633005821875 0.853515625 0.6431950515625 0.865234375 0.6712154296875 0.8740234375 0.6826783109375001
1 0.8017578125 0.710698690625 0.8173828125 0.7183406109375 0.8330078125 0.7183406109375 0.8408203125 0.713245996875 0.845703125 0.7068777296875 0.8515625 0.6890465796874999 0.8515625 0.668668121875 0.845703125 0.6559315859375 0.8408203125 0.6495633187500001 0.8349609375 0.6444687046875 0.8271484375 0.641921396875 0.8154296875 0.641921396875 0.8056640625 0.6470160109374999 0.794921875 0.6610262015624999 0.791015625 0.6712154296875 0.791015625 0.6890465796874999 0.79296875 0.6966885 0.8017578125 0.710698690625
1 0.7763671875 0.7896652109375 0.7822265625 0.79221251875 0.7998046875 0.79221251875 0.8056640625 0.7896652109375 0.8115234375 0.784570596875 0.818359375 0.775655021875 0.822265625 0.76546579375 0.822265625 0.74763464375 0.81640625 0.7323508000000001 0.8134765625 0.728529840625 0.7978515625 0.7183406109375 0.7919921875 0.7157933046875 0.7861328125 0.7157933046875 0.7783203125 0.7183406109375 0.7705078125 0.723435225 0.763671875 0.7323508000000001 0.759765625 0.7425400296875 0.759765625 0.7603711796875 0.763671875 0.7731077140625 0.7763671875 0.7896652109375
1 0.8125 0.8316957781250001 0.8251953125 0.8457059687499999 0.8310546875 0.848253275 0.8388671875 0.848253275 0.8505859375 0.8431586609374999 0.85546875 0.83679039375 0.859375 0.8240538578125 0.859375 0.8113173218749999 0.857421875 0.8036754 0.8486328125 0.79221251875 0.8427734375 0.7871179046875 0.8310546875 0.784570596875 0.8173828125 0.79221251875 0.810546875 0.80112809375 0.80859375 0.8062227078124999 0.80859375 0.81895924375 0.810546875 0.8266011640625001 0.8125 0.8316957781250001
1 0.8857421875 0.8711790390624999 0.8896484375 0.873726346875 0.9072265625 0.873726346875 0.9111328125 0.8711790390624999 0.921875 0.8571688500000001 0.923828125 0.8520742359375 0.923828125 0.83679039375 0.921875 0.8291484718750001 0.9111328125 0.8151382828125 0.9033203125 0.81004366875 0.8935546875 0.81004366875 0.8837890625 0.8151382828125 0.876953125 0.8240538578125 0.873046875 0.8342430859375 0.873046875 0.8444323140625001 0.876953125 0.8597161578125 0.8857421875 0.8711790390624999
1 1 0.8240538578125 0.9892578125 0.8176855890624999 0.9697265625 0.8176855890624999 0.9638671875 0.8202328968750001 0.953125 0.8316957781250001 0.947265625 0.846979621875 0.947265625 0.8597161578125 0.955078125 0.8826419218750001 0.9677734375 0.8991994171875 0.9794921875 0.9068413390625001 0.9970703125 0.9068413390625001 1 0.903020378125 1 0.8240538578125
1 0.9404296875 0.7183406109375 0.9482421875 0.723435225 0.9677734375 0.723435225 0.9755859375 0.7183406109375 0.984375 0.7043304218750001 0.986328125 0.6966885 0.986328125 0.683951965625 0.984375 0.6737627359375 0.9755859375 0.659752546875 0.9677734375 0.6546579328125001 0.9521484375 0.6546579328125001 0.9443359375 0.657205240625 0.935546875 0.6635735078125 0.9296875 0.6788573515625 0.927734375 0.6890465796874999 0.9296875 0.6992358078125 0.93359375 0.7094250359375 0.9404296875 0.7183406109375
1 1 0.5871542937500001 0.9951171875 0.585880640625 0.9873046875 0.5909752546875 0.98046875 0.5998908296875001 0.978515625 0.6126273656250001 0.978515625 0.62281659375 0.98046875 0.633005821875 0.986328125 0.648289665625 0.9951171875 0.659752546875 0.9990234375 0.6622998546875001 1 0.6610262015624999 1 0.5871542937500001
1 0.2314453125 0.3107714703125 0.2470703125 0.3107714703125 0.2578125 0.29676128125 0.26171875 0.286572053125 0.263671875 0.26109898125000003 0.2529296875 0.244541484375 0.2431640625 0.23944687031249998 0.2294921875 0.23944687031249998 0.2216796875 0.244541484375 0.216796875 0.250909753125 0.212890625 0.26109898125000003 0.212890625 0.289119359375 0.2236328125 0.30567685624999996 0.2314453125 0.3107714703125
1 0.2587890625 0.3489810765625 0.2666015625 0.3540756921875 0.2802734375 0.3540756921875 0.2841796875 0.351528384375 0.29296875 0.3400655015625 0.296875 0.33242358125 0.296875 0.3044032015625 0.29296875 0.2942139734375 0.2880859375 0.28784570625 0.2744140625 0.28784570625 0.2626953125 0.29548762812499996 0.251953125 0.30949781718749997 0.248046875 0.3222343515625 0.248046875 0.33242358125 0.25 0.3375181953125 0.2587890625 0.3489810765625
1 0.1884765625 0.24708879218750002 0.1962890625 0.25218340625 0.2041015625 0.25218340625 0.2119140625 0.24708879218750002 0.2294921875 0.23435225625 0.234375 0.22543668125 0.236328125 0.2127001453125 0.236328125 0.2025109171875 0.234375 0.1948689953125 0.232421875 0.18977438124999998 0.2236328125 0.1783115 0.2197265625 0.1757641921875 0.2021484375 0.1757641921875 0.1923828125 0.18085880625 0.1865234375 0.1859534203125 0.1796875 0.197416303125 0.177734375 0.20505822343750002 0.177734375 0.22543668125 0.1796875 0.233078603125 0.1884765625 0.24708879218750002
1 0.1689453125 0.2852983984375 0.1787109375 0.280203784375 0.185546875 0.271288209375 0.1875 0.26364628749999997 0.185546875 0.2458151390625 0.18359375 0.2407205234375 0.1767578125 0.2318049484375 0.1669921875 0.22671033437500002 0.1533203125 0.224163028125 0.1455078125 0.22925764218750003 0.142578125 0.233078603125 0.130859375 0.2661935953125 0.1416015625 0.277656478125 0.1552734375 0.2852983984375 0.1689453125 0.2852983984375
1 0.119140625 0.20760553124999997 0.1259765625 0.21652110625 0.1337890625 0.2216157203125 0.1455078125 0.2216157203125 0.1533203125 0.21906841406250002 0.1611328125 0.2139737984375 0.166015625 0.20760553124999997 0.171875 0.1948689953125 0.171875 0.17194323125 0.1640625 0.15411208125 0.1552734375 0.14519650625 0.1494140625 0.1426492 0.1376953125 0.1426492 0.1318359375 0.14519650625 0.1240234375 0.1502911203125 0.11328125 0.1668486171875 0.111328125 0.17194323125 0.111328125 0.1770378453125 0.115234375 0.197416303125 0.119140625 0.20760553124999997
1 0.1357421875 0 0.1240234375 0.010189228125 0.119140625 0.016557496875 0.11328125 0.0318413390625 0.111328125 0.0394832609375 0.111328125 0.047125181249999995 0.1171875 0.06495633125 0.1298828125 0.078966521875 0.1435546875 0.08151382812499999 0.1513671875 0.07641921406249999 0.162109375 0.06240902499999999 0.166015625 0.05476710312500001 0.171875 0.036935953125 0.171875 0.016557496875 0.16796875 0.0063682671875 0.1611328125 0 0.1357421875 0
1 0.0634765625 0.244541484375 0.0869140625 0.25218340625 0.0966796875 0.25218340625 0.1025390625 0.24963609843749998 0.109375 0.2407205234375 0.11328125 0.2305312953125 0.11328125 0.2228893734375 0.1015625 0.187227075 0.0927734375 0.173216884375 0.0849609375 0.1681222703125 0.0732421875 0.1681222703125 0.06640625 0.1744905390625 0.0546875 0.2279839890625 0.0546875 0.233078603125 0.056640625 0.2381732171875 0.0634765625 0.244541484375
1 0.0576171875 0.3362445421875 0.0712890625 0.3387918484375 0.0791015625 0.3362445421875 0.091796875 0.3222343515625 0.095703125 0.3120451234375 0.095703125 0.2916666671875 0.091796875 0.27893013125 0.0810546875 0.26491994218750003 0.0751953125 0.262372634375 0.0576171875 0.262372634375 0.04296875 0.2763828234375 0.041015625 0.2840247453125 0.041015625 0.31459243125 0.0517578125 0.33114992656250003 0.0576171875 0.3362445421875
1 0.0576171875 0.42285298437499996 0.0673828125 0.42794759843749997 0.0791015625 0.42794759843749997 0.0849609375 0.42285298437499996 0.091796875 0.4113901015625 0.099609375 0.38591703125 0.099609375 0.37572780156249996 0.09765625 0.3706331875 0.0908203125 0.3617176125 0.0849609375 0.3566229984375 0.0791015625 0.3540756921875 0.0634765625 0.3540756921875 0.0556640625 0.35917030625 0.048828125 0.36808588124999997 0.044921875 0.378275109375 0.044921875 0.4012008734375 0.05078125 0.413937409375 0.0576171875 0.42285298437499996
1 0 0.2203420671875 0.00390625 0.2279839890625 0.0126953125 0.2368995640625 0.0244140625 0.241994178125 0.0869140625 0.25218340625 0.0966796875 0.25218340625 0.1044921875 0.24708879218750002 0.109375 0.2407205234375 0.11328125 0.22543668125 0.1015625 0.187227075 0.0927734375 0.173216884375 0.0849609375 0.1681222703125 0.0439453125 0.1502911203125 0.0224609375 0.1502911203125 0.0068359375 0.15793304218749998 0 0.1668486171875 0 0.2203420671875
1 0.0322265625 0.639374090625 0.0439453125 0.641921396875 0.0537109375 0.6368267828125 0.0703125 0.6177219796875 0.076171875 0.5998908296875001 0.076171875 0.5922489078125001 0.07421875 0.5846069875000001 0.068359375 0.5718704515625 0.0595703125 0.5629548765625 0.0478515625 0.5578602625 0.0400390625 0.5578602625 0.0322265625 0.56040756875 0.0244140625 0.5655021828125 0.015625 0.5769650656249999 0.013671875 0.5820596796874999 0.01171875 0.5897016015625 0.01171875 0.6075327515625 0.015625 0.6177219796875 0.0322265625 0.639374090625
1 0.1650390625 0.5935225625 0.1689453125 0.59606986875 0.1826171875 0.6011644828125 0.1884765625 0.6011644828125 0.2021484375 0.5909752546875 0.208984375 0.5820596796874999 0.212890625 0.5718704515625 0.212890625 0.5489446874999999 0.208984375 0.5387554578125 0.1962890625 0.52474526875 0.1806640625 0.5196506546874999 0.1689453125 0.5221979625000001 0.1611328125 0.5272925765625 0.150390625 0.541302765625 0.1484375 0.5463973796875 0.1484375 0.5693231437499999 0.15234375 0.5769650656249999 0.1650390625 0.5935225625
1 0.0751953125 0.687772925 0.0830078125 0.692867540625 0.0927734375 0.692867540625 0.0986328125 0.6903202328125 0.115234375 0.6737627359375 0.119140625 0.6635735078125 0.119140625 0.6457423578125 0.1171875 0.64064774375 0.1083984375 0.6291848609375 0.0927734375 0.624090246875 0.0869140625 0.624090246875 0.0712890625 0.6291848609375 0.06640625 0.6355531296875 0.0625 0.6457423578125 0.0625 0.668668121875 0.064453125 0.6737627359375 0.0751953125 0.687772925
1 0.2421875 0.8724526921875 0.2568359375 0.8864628828125 0.2685546875 0.8864628828125 0.2802734375 0.8788209609375001 0.28515625 0.8724526921875 0.291015625 0.8597161578125 0.29296875 0.8418850078125001 0.29296875 0.8266011640625001 0.2890625 0.8164119359375 0.2783203125 0.802401746875 0.2685546875 0.7973071328125 0.2607421875 0.7973071328125 0.2509765625 0.802401746875 0.2421875 0.813864628125 0.240234375 0.81895924375 0.236328125 0.8316957781250001 0.236328125 0.8546215421875001 0.23828125 0.864810771875 0.2421875 0.8724526921875
1 0.2119140625 0.9348617171875 0.2197265625 0.93995633125 0.2333984375 0.93995633125 0.2412109375 0.9348617171875 0.248046875 0.9259461421875 0.251953125 0.9157569140625 0.251953125 0.8979257640625 0.25 0.8928311499999999 0.2412109375 0.8813682671875 0.2314453125 0.873726346875 0.2158203125 0.873726346875 0.2119140625 0.876273653125 0.205078125 0.885189228125 0.201171875 0.8953784578124999 0.201171875 0.91320960625 0.203125 0.9208515281249999 0.2119140625 0.9348617171875
1 0.1083984375 0.93995633125 0.1240234375 0.947598253125 0.1416015625 0.9450509468750001 0.158203125 0.9233988359374999 0.16015625 0.91320960625 0.158203125 0.8928311499999999 0.1455078125 0.8788209609375001 0.1376953125 0.873726346875 0.1162109375 0.873726346875 0.1025390625 0.8864628828125 0.095703125 0.8953784578124999 0.095703125 0.9183042218749999 0.099609375 0.92849345 0.1083984375 0.93995633125
1 0.0810546875 0.8788209609375001 0.0888671875 0.8788209609375001 0.0986328125 0.876273653125 0.1083984375 0.8686317328125 0.1171875 0.8571688500000001 0.12109375 0.83679039375 0.12109375 0.8266011640625001 0.1171875 0.8164119359375 0.1064453125 0.8049490531249999 0.1005859375 0.802401746875 0.0908203125 0.802401746875 0.0849609375 0.8049490531249999 0.0791015625 0.81004366875 0.06640625 0.8291484718750001 0.064453125 0.8342430859375 0.064453125 0.8597161578125 0.0771484375 0.876273653125 0.0810546875 0.8788209609375001
1 0.0361328125 0.8151382828125 0.0439453125 0.8202328968750001 0.0595703125 0.8202328968750001 0.0634765625 0.8176855890624999 0.072265625 0.8062227078124999 0.076171875 0.796033478125 0.076171875 0.7680131 0.07421875 0.7629184859375 0.0673828125 0.7540029109375 0.0634765625 0.7514556046875 0.0576171875 0.748908296875 0.0478515625 0.748908296875 0.0400390625 0.7514556046875 0.0234375 0.7731077140625 0.0234375 0.7909388640625 0.03125 0.8087700140624999 0.0361328125 0.8151382828125
1 0 0.7629184859375 0.0009765625 0.7641921390624999 0.0087890625 0.7641921390624999 0.0185546875 0.7590975249999999 0.02734375 0.74763464375 0.03125 0.737445415625 0.03125 0.72980349375 0.029296875 0.722161571875 0.025390625 0.71451965 0.0185546875 0.705604075 0.0126953125 0.7005094609375 0.0009765625 0.6979621546875 0 0.6992358078125 0 0.7629184859375
1 0 0.6915938859375 0.0029296875 0.692867540625 0.017578125 0.6737627359375 0.0234375 0.6559315859375 0.0234375 0.648289665625 0.021484375 0.6431950515625 0.0087890625 0.6266375546875 0.0048828125 0.624090246875 0.0009765625 0.624090246875 0 0.6253639015625 0 0.6915938859375
1 0.4287109375 0.8915574968750001 0.4384765625 0.8966521109375 0.4482421875 0.8991994171875 0.4599609375 0.8966521109375 0.474609375 0.8826419218750001 0.48046875 0.864810771875 0.48046875 0.8546215421875001 0.478515625 0.846979621875 0.47265625 0.8342430859375 0.4638671875 0.8253275109375 0.4599609375 0.822780203125 0.4423828125 0.822780203125 0.4326171875 0.82787481875 0.423828125 0.8393377 0.421875 0.8444323140625001 0.421875 0.8775473078125 0.42578125 0.8877365359375 0.4287109375 0.8915574968750001
1 0.2421875 0.8724526921875 0.2568359375 0.8864628828125 0.2685546875 0.8864628828125 0.2802734375 0.8788209609375001 0.28515625 0.8724526921875 0.291015625 0.8597161578125 0.29296875 0.8418850078125001 0.29296875 0.8266011640625001 0.2890625 0.8164119359375 0.2783203125 0.802401746875 0.2685546875 0.7973071328125 0.2607421875 0.7973071328125 0.2509765625 0.802401746875 0.2421875 0.813864628125 0.240234375 0.81895924375 0.236328125 0.8316957781250001 0.236328125 0.8546215421875001 0.23828125 0.864810771875 0.2421875 0.8724526921875
1 0.7001953125 0.7896652109375 0.7041015625 0.79221251875 0.7099609375 0.7947598250000001 0.7275390625 0.7947598250000001 0.7333984375 0.79221251875 0.740234375 0.78584425 0.748046875 0.7680131 0.748046875 0.7527292578125 0.744140625 0.739992721875 0.7353515625 0.728529840625 0.7275390625 0.723435225 0.7216796875 0.72088791875 0.7099609375 0.72088791875 0.7021484375 0.723435225 0.689453125 0.737445415625 0.685546875 0.74763464375 0.685546875 0.76546579375 0.689453125 0.775655021875 0.7001953125 0.7896652109375
1 0.68359375 0.8979257640625 0.6923828125 0.909388646875 0.6962890625 0.911935953125 0.7041015625 0.9144832609375 0.7119140625 0.9144832609375 0.7197265625 0.911935953125 0.732421875 0.8953784578124999 0.736328125 0.885189228125 0.736328125 0.864810771875 0.73046875 0.849526928125 0.7255859375 0.8431586609374999 0.7177734375 0.838064046875 0.7001953125 0.838064046875 0.6943359375 0.840611353125 0.681640625 0.8571688500000001 0.6796875 0.8622634640625 0.677734375 0.8699053859375001 0.677734375 0.8800946140624999 0.6796875 0.8877365359375 0.68359375 0.8979257640625
1 0.689453125 0.9870815140625 0.6982421875 0.9985443953124999 0.7255859375 0.9985443953124999 0.7294921875 0.9959970890625 0.734375 0.9896288203125 0.740234375 0.9717976703125 0.740234375 0.9565138281250001 0.73828125 0.94887190625 0.734375 0.9412299859375001 0.7255859375 0.9297671031249999 0.7216796875 0.927219796875 0.7119140625 0.927219796875 0.7041015625 0.9297671031249999 0.6982421875 0.9323144109375001 0.69140625 0.9386826781250001 0.68359375 0.9590611359375 0.68359375 0.9717976703125 0.685546875 0.9794395921874999 0.689453125 0.9870815140625
1 0.6767578125 1 0.6796875 0.9972707421875 0.677734375 0.9896288203125 0.6669921875 0.97561863125 0.6630859375 0.973071325 0.6435546875 0.973071325 0.6396484375 0.97561863125 0.62890625 0.9896288203125 0.626953125 0.9972707421875 0.6337890625 1 0.6767578125 1
0 0.7880859375 0.3209606984375 0.7919921875 0.3209606984375 0.7958984375 0.3184133921875 0.80078125 0.3120451234375 0.802734375 0.306950509375 0.802734375 0.2993085875 0.7998046875 0.2929403203125 0.7958984375 0.2903930125 0.7900390625 0.2903930125 0.783203125 0.29676128125 0.78125 0.3018558953125 0.78125 0.31459243125 0.7841796875 0.3184133921875 0.7880859375 0.3209606984375
0 0.4638671875 0.6189956328124999 0.46875 0.6100800578125 0.46875 0.5998908296875001 0.466796875 0.5922489078125001 0.4638671875 0.588427946875 0.4580078125 0.585880640625 0.4482421875 0.585880640625 0.4453125 0.5897016015625 0.44140625 0.6024381375 0.443359375 0.6100800578125 0.4521484375 0.6189956328124999 0.4638671875 0.6189956328124999
0 0.3271484375 0.8813682671875 0.3408203125 0.873726346875 0.345703125 0.8622634640625 0.345703125 0.849526928125 0.341796875 0.8418850078125001 0.3369140625 0.838064046875 0.3291015625 0.838064046875 0.3212890625 0.840611353125 0.31640625 0.846979621875 0.31640625 0.8775473078125 0.3212890625 0.8813682671875 0.3271484375 0.8813682671875
0 0.2490234375 0.695414846875 0.2529296875 0.692867540625 0.2578125 0.683951965625 0.2578125 0.67631004375 0.2529296875 0.6699417765625 0.2470703125 0.66739446875 0.2431640625 0.66739446875 0.2314453125 0.675036390625 0.23046875 0.67631004375 0.23046875 0.6890465796874999 0.2353515625 0.695414846875 0.2490234375 0.695414846875
0 0.8876953125 0.9577874812499999 0.8935546875 0.9577874812499999 0.896484375 0.9514192140625 0.896484375 0.9437772921875001 0.89453125 0.9386826781250001 0.8896484375 0.9323144109375001 0.8857421875 0.9297671031249999 0.8818359375 0.9297671031249999 0.87890625 0.9335880640625 0.87890625 0.9514192140625 0.8818359375 0.9552401749999999 0.8876953125 0.9577874812499999
0 0.7705078125 0.6648471609375 0.77734375 0.6559315859375 0.779296875 0.648289665625 0.77734375 0.64064774375 0.7705078125 0.6342794765625 0.7646484375 0.6342794765625 0.7607421875 0.6368267828125 0.75390625 0.6457423578125 0.75390625 0.6559315859375 0.7587890625 0.6648471609375 0.7705078125 0.6648471609375