2 0.1787109375 0.75655021875 0.1962890625 0.7641921390624999 0.2216796875 0.7641921390624999 0.2392578125 0.7514556046875 0.2578125 0.7247088796875001 0.26171875 0.7170669578125 0.265625 0.701783115625 0.265625 0.67631004375 0.263671875 0.666120815625 0.259765625 0.6559315859375 0.2490234375 0.641921396875 0.2373046875 0.6368267828125 0.2158203125 0.6368267828125 0.2001953125 0.639374090625 0.1884765625 0.6444687046875 0.1806640625 0.6495633187500001 0.1640625 0.6712154296875 0.15625 0.6915938859375 0.15625 0.7170669578125 0.162109375 0.7323508000000001 0.1787109375 0.75655021875
2 0.6826171875 0.241994178125 0.7021484375 0.2547307125 0.7099609375 0.2572780203125 0.7275390625 0.2572780203125 0.7353515625 0.2547307125 0.7509765625 0.244541484375 0.763671875 0.2279839890625 0.7734375 0.21015283906249999 0.779296875 0.1923216890625 0.77734375 0.161754003125 0.771484375 0.14647015937500002 0.7626953125 0.135007278125 0.7509765625 0.12736535625 0.7431640625 0.12481804999999999 0.7294921875 0.1222707421875 0.7138671875 0.1222707421875 0.6943359375 0.12736535625 0.6796875 0.14137554531250002 0.671875 0.15665938906250002 0.66796875 0.169395925 0.666015625 0.1923216890625 0.666015625 0.21015283906249999 0.669921875 0.2228893734375 0.6826171875 0.241994178125
0 0.5810546875 0.5120087343749999 0.5869140625 0.5120087343749999 0.5908203125 0.5094614265625 0.59765625 0.5005458515625001 0.59765625 0.49035662343749997 0.5888671875 0.476346434375 0.5791015625 0.476346434375 0.5703125 0.487809315625 0.5703125 0.49545123750000003 0.572265625 0.5005458515625001 0.5810546875 0.5120087343749999
0 0.359375 0.108260553125 0.361328125 0.1031659390625 0.361328125 0.0929767109375 0.3583984375 0.0866084421875 0.3505859375 0.0866084421875 0.34375 0.0929767109375 0.341796875 0.10061863124999999 0.3447265625 0.1120815140625 0.3564453125 0.1120815140625 0.359375 0.108260553125
0 0.5341796875 0.18085880625 0.5439453125 0.18085880625 0.5576171875 0.170669578125 0.568359375 0.1592066953125 0.57421875 0.1490174671875 0.576171875 0.14137554531250002 0.576171875 0.1209970890625 0.57421875 0.11335516718750001 0.5693359375 0.10443959218750001 0.5556640625 0.09425036406250001 0.5419921875 0.09170305625 0.5263671875 0.1018922859375 0.515625 0.1209970890625 0.513671875 0.1311863171875 0.515625 0.161754003125 0.5263671875 0.1757641921875 0.5341796875 0.18085880625
0 0.482421875 0.1668486171875 0.4892578125 0.173216884375 0.4990234375 0.173216884375 0.505859375 0.164301309375 0.5078125 0.1592066953125 0.515625 0.11590247499999999 0.515625 0.0853347890625 0.51171875 0.0751455609375 0.5068359375 0.0687772921875 0.5029296875 0.0662299859375 0.4912109375 0.0662299859375 0.4814453125 0.0687772921875 0.4716796875 0.07387190625 0.458984375 0.0853347890625 0.45703125 0.090429403125 0.45703125 0.11080786093749999 0.4609375 0.1209970890625 0.482421875 0.1668486171875
1 0.6171875 0.8622634640625 0.6298828125 0.8788209609375001 0.6396484375 0.883915575 0.6494140625 0.883915575 0.6630859375 0.876273653125 0.673828125 0.8622634640625 0.6796875 0.846979621875 0.68359375 0.8291484718750001 0.68359375 0.81895924375 0.6796875 0.8036754 0.6708984375 0.79221251875 0.6630859375 0.7871179046875 0.6455078125 0.7871179046875 0.6279296875 0.7973071328125 0.62109375 0.8062227078124999 0.615234375 0.81895924375 0.61328125 0.8266011640625001 0.61328125 0.849526928125 0.615234375 0.8571688500000001 0.6171875 0.8622634640625
1 0.7333984375 0.692867540625 0.7431640625 0.7005094609375 0.7490234375 0.70305676875 0.7607421875 0.70305676875 0.7744140625 0.695414846875 0.78125 0.686499271875 0.78515625 0.668668121875 0.78515625 0.6635735078125 0.78125 0.648289665625 0.779296875 0.6431950515625 0.7705078125 0.6317321687499999 0.7646484375 0.6266375546875 0.7529296875 0.621542940625 0.7373046875 0.621542940625 0.7314453125 0.624090246875 0.720703125 0.6381004359375 0.71875 0.6431950515625 0.71875 0.666120815625 0.724609375 0.6814046578124999 0.7333984375 0.692867540625
1 0.7353515625 0.5935225625 0.7431640625 0.5986171765625 0.7548828125 0.5986171765625 0.7626953125 0.5935225625 0.771484375 0.5820596796874999 0.775390625 0.5693231437499999 0.775390625 0.55149199375 0.7734375 0.541302765625 0.7607421875 0.52474526875 0.7529296875 0.5196506546874999 0.7392578125 0.5196506546874999 0.7314453125 0.52474526875 0.72265625 0.5362081515625 0.720703125 0.5438500734375 0.71875 0.5565866078124999 0.720703125 0.5718704515625 0.724609375 0.579512371875 0.7353515625 0.5935225625
1 0.6611328125 0.5527656484375 0.6689453125 0.5578602625 0.6806640625 0.56040756875 0.6904296875 0.5553129546875 0.697265625 0.5463973796875 0.701171875 0.5311135375 0.701171875 0.5209243078125 0.69921875 0.5107350796875 0.697265625 0.505640465625 0.6865234375 0.49163027656249997 0.6787109375 0.4865356625 0.6630859375 0.4865356625 0.6591796875 0.48908296875 0.6484375 0.503093159375 0.646484375 0.5081877734375 0.646484375 0.523471615625 0.650390625 0.5362081515625 0.6611328125 0.5527656484375
1 0.5751953125 0.6011644828125 0.5869140625 0.6088064046875 0.6025390625 0.6088064046875 0.6064453125 0.606259096875 0.619140625 0.5897016015625 0.623046875 0.579512371875 0.623046875 0.559133915625 0.619140625 0.5463973796875 0.6103515625 0.5349344984375 0.6005859375 0.5298398828125 0.5830078125 0.5298398828125 0.5771484375 0.532387190625 0.56640625 0.5438500734375 0.560546875 0.559133915625 0.560546875 0.5718704515625 0.568359375 0.5922489078125001 0.5751953125 0.6011644828125
1 0.4677734375 0.659752546875 0.4794921875 0.66739446875 0.4912109375 0.66739446875 0.5048828125 0.659752546875 0.5078125 0.6559315859375 0.51171875 0.648289665625 0.515625 0.6355531296875 0.515625 0.6202692875 0.509765625 0.6024381375 0.5068359375 0.5986171765625 0.4990234375 0.5909752546875 0.4833984375 0.585880640625 0.4755859375 0.588427946875 0.4677734375 0.5935225625 0.4609375 0.6024381375 0.458984375 0.6075327515625 0.45703125 0.615174671875 0.45703125 0.633005821875 0.4609375 0.648289665625 0.4677734375 0.659752546875
1 0.46484375 0.6559315859375 0.4677734375 0.659752546875 0.4755859375 0.6648471609375 0.4833984375 0.66739446875 0.4912109375 0.66739446875 0.505859375 0.65847889375 0.513671875 0.64064774375 0.513671875 0.6126273656250001 0.51171875 0.6075327515625 0.5009765625 0.5935225625 0.4912109375 0.588427946875 0.4775390625 0.588427946875 0.4658203125 0.59606986875 0.462890625 0.5998908296875001 0.458984375 0.6100800578125 0.45703125 0.6177219796875 0.45703125 0.630458515625 0.4609375 0.6457423578125 0.46484375 0.6559315859375
1 0.5029296875 0.7463609890625 0.5107421875 0.7514556046875 0.5185546875 0.7540029109375 0.5283203125 0.7540029109375 0.5341796875 0.7514556046875 0.5458984375 0.7438136828124999 0.5546875 0.72980349375 0.556640625 0.722161571875 0.556640625 0.7068777296875 0.5546875 0.6992358078125 0.55078125 0.6890465796874999 0.5419921875 0.677583696875 0.5322265625 0.6699417765625 0.5224609375 0.66739446875 0.5126953125 0.66739446875 0.5068359375 0.6699417765625 0.5029296875 0.6724890828125 0.4921875 0.686499271875 0.490234375 0.6915938859375 0.486328125 0.7068777296875 0.486328125 0.7119723437500001 0.490234375 0.72980349375 0.5029296875 0.7463609890625
1 0.333984375 0.615174671875 0.3486328125 0.6342794765625 0.3544921875 0.6368267828125 0.3681640625 0.6368267828125 0.3740234375 0.6342794765625 0.3828125 0.6253639015625 0.388671875 0.6126273656250001 0.390625 0.5998908296875001 0.388671875 0.5871542937500001 0.3828125 0.5744177578125 0.3740234375 0.5655021828125 0.3662109375 0.5629548765625 0.3525390625 0.5629548765625 0.3466796875 0.5655021828125 0.3427734375 0.568049490625 0.333984375 0.579512371875 0.33203125 0.5846069875000001 0.330078125 0.5922489078125001 0.330078125 0.6024381375 0.33203125 0.6100800578125 0.333984375 0.615174671875
1 0.2666015625 0.5476710328125 0.2763671875 0.5527656484375 0.2900390625 0.5527656484375 0.2998046875 0.5476710328125 0.310546875 0.53366084375 0.31640625 0.51582969375 0.314453125 0.49799854374999997 0.306640625 0.4827147015625 0.2978515625 0.4737991265625 0.2880859375 0.4687045125 0.2705078125 0.4687045125 0.2666015625 0.47125181875 0.255859375 0.48526200937499997 0.251953125 0.49545123750000003 0.251953125 0.5209243078125 0.255859375 0.53366084375 0.2666015625 0.5476710328125
1 0.58984375 0.3935589515625 0.6005859375 0.407569140625 0.6103515625 0.4126637546875 0.6201171875 0.4126637546875 0.6298828125 0.407569140625 0.638671875 0.396106259375 0.642578125 0.38591703125 0.642578125 0.36553857343749996 0.63671875 0.3477074234375 0.6298828125 0.3387918484375 0.6259765625 0.3362445421875 0.6123046875 0.333697234375 0.6005859375 0.333697234375 0.5966796875 0.3362445421875 0.587890625 0.3477074234375 0.583984375 0.3578966515625 0.583984375 0.3731804953125 0.5859375 0.38336972343750003 0.58984375 0.3935589515625
1 0.6767578125 0.39737991250000004 0.6845703125 0.40247452656249993 0.6904296875 0.405021834375 0.6982421875 0.405021834375 0.7021484375 0.40247452656249993 0.720703125 0.380822415625 0.720703125 0.360443959375 0.71484375 0.342612809375 0.7080078125 0.333697234375 0.7001953125 0.3286026203125 0.6943359375 0.32605531249999997 0.6767578125 0.32605531249999997 0.6728515625 0.3286026203125 0.666015625 0.3375181953125 0.662109375 0.35025473125 0.66015625 0.360443959375 0.66015625 0.3706331875 0.662109375 0.378275109375 0.6767578125 0.39737991250000004
1 0.708984375 0.4419577875 0.7197265625 0.4534206703125 0.7275390625 0.4559679765625 0.7392578125 0.4559679765625 0.7451171875 0.4534206703125 0.7548828125 0.44577874843750004 0.763671875 0.431768559375 0.765625 0.4241266375 0.765625 0.4062954875 0.763671875 0.398653565625 0.7548828125 0.38719068437500004 0.7451171875 0.3820960703125 0.7275390625 0.3820960703125 0.7158203125 0.38464337656250003 0.70703125 0.3935589515625 0.703125 0.40374818125 0.703125 0.4266739453125 0.705078125 0.434315865625 0.708984375 0.4419577875
1 0.8759765625 0.440684134375 0.8837890625 0.44577874843750004 0.8935546875 0.44577874843750004 0.9033203125 0.440684134375 0.9140625 0.4266739453125 0.919921875 0.40884279531249995 0.919921875 0.396106259375 0.916015625 0.38336972343750003 0.9052734375 0.369359534375 0.8974609375 0.3642649203125 0.8779296875 0.3642649203125 0.8720703125 0.3668122265625 0.86328125 0.378275109375 0.859375 0.3884643375 0.859375 0.4113901015625 0.86328125 0.4241266375 0.8759765625 0.440684134375
1 0.8232421875 0.3617176125 0.8349609375 0.369359534375 0.8486328125 0.371906840625 0.8603515625 0.3668122265625 0.87109375 0.3553493453125 0.873046875 0.35025473125 0.873046875 0.3375181953125 0.87109375 0.32732896718750004 0.869140625 0.3222343515625 0.8583984375 0.3082241625 0.8525390625 0.3031295484375 0.8388671875 0.29548762812499996 0.8232421875 0.29548762812499996 0.8193359375 0.298034934375 0.814453125 0.3044032015625 0.8125 0.30949781718749997 0.810546875 0.3171397375 0.810546875 0.342612809375 0.8125 0.3477074234375 0.8232421875 0.3617176125
1 0.888671875 0.24326783125 0.9013671875 0.259825328125 0.9091796875 0.26491994218750003 0.9267578125 0.26491994218750003 0.9326171875 0.262372634375 0.9453125 0.2483624453125 0.94921875 0.2407205234375 0.953125 0.2279839890625 0.953125 0.20760553124999997 0.947265625 0.1948689953125 0.9404296875 0.18850072812500002 0.9287109375 0.18340611406250001 0.9111328125 0.18340611406250001 0.9033203125 0.1859534203125 0.8974609375 0.191048034375 0.88671875 0.20505822343750002 0.884765625 0.21015283906249999 0.884765625 0.2305312953125 0.88671875 0.2381732171875 0.888671875 0.24326783125
1 1 0.2993085875 0.9931640625 0.2929403203125 0.9853515625 0.2903930125 0.9716796875 0.2929403203125 0.9619140625 0.3005822421875 0.951171875 0.3171397375 0.947265625 0.3298762734375 0.947265625 0.3528020375 0.953125 0.3706331875 0.9638671875 0.3820960703125 0.9736328125 0.38719068437500004 0.9892578125 0.38719068437500004 0.9970703125 0.38464337656250003 1 0.380822415625 1 0.2993085875
1 0.8154296875 0.14774381406249998 0.8212890625 0.15283842812499998 0.8271484375 0.155385734375 0.8427734375 0.155385734375 0.8544921875 0.14774381406249998 0.859375 0.14137554531250002 0.865234375 0.12863901093750002 0.865234375 0.11080786093749999 0.86328125 0.1031659390625 0.8447265625 0.08915575 0.8291015625 0.0840611359375 0.8173828125 0.0840611359375 0.8134765625 0.0866084421875 0.8046875 0.098071325 0.80078125 0.108260553125 0.80078125 0.12354439531250001 0.8046875 0.133733625 0.8154296875 0.14774381406249998
1 0.8251953125 0.078966521875 0.8310546875 0.08151382812499999 0.8486328125 0.08151382812499999 0.8525390625 0.078966521875 0.861328125 0.0675036390625 0.8671875 0.05476710312500001 0.8671875 0.036935953125 0.86328125 0.0241994171875 0.8544921875 0.012736535937499998 0.8447265625 0.010189228125 0.8330078125 0.010189228125 0.8232421875 0.01783115 0.818359375 0.0241994171875 0.814453125 0.0318413390625 0.814453125 0.057314410937500004 0.8203125 0.072598253125 0.8251953125 0.078966521875
1 0.611328125 0.13628093125000001 0.6240234375 0.1502911203125 0.6298828125 0.15283842812499998 0.6455078125 0.15283842812499998 0.6552734375 0.14774381406249998 0.66796875 0.1311863171875 0.671875 0.12354439531250001 0.673828125 0.11590247499999999 0.673828125 0.10061863124999999 0.671875 0.0929767109375 0.6630859375 0.078966521875 0.6513671875 0.0713246 0.6416015625 0.0687772921875 0.6298828125 0.0687772921875 0.6162109375 0.078966521875 0.607421875 0.0955240171875 0.60546875 0.1057132453125 0.60546875 0.11590247499999999 0.607421875 0.126091703125 0.611328125 0.13628093125000001
1 0.6396484375 0 0.63671875 0.0038209609375000004 0.634765625 0.0114628828125 0.634765625 0.02929403125 0.638671875 0.0420305671875 0.6494140625 0.056040756250000004 0.6669921875 0.063682678125 0.6708984375 0.063682678125 0.6787109375 0.061135371875 0.69140625 0.052219796875 0.693359375 0.047125181249999995 0.693359375 0.0241994171875 0.689453125 0.014010189062500001 0.6826171875 0.0050946140625 0.6748046875 0 0.6396484375 0
1 0.515625 0.3578966515625 0.5263671875 0.369359534375 0.5341796875 0.3744541484375 0.5400390625 0.3744541484375 0.5517578125 0.369359534375 0.55859375 0.360443959375 0.5625 0.35025473125 0.564453125 0.3120451234375 0.5625 0.3018558953125 0.55859375 0.2916666671875 0.5498046875 0.2827510921875 0.5419921875 0.277656478125 0.5224609375 0.277656478125 0.5166015625 0.2827510921875 0.505859375 0.2993085875 0.50390625 0.31459243125 0.505859375 0.33242358125 0.5078125 0.3400655015625 0.515625 0.3578966515625
1 0.4755859375 0.26491994218750003 0.4853515625 0.27001455625 0.4931640625 0.27001455625 0.5029296875 0.26491994218750003 0.51171875 0.25345705937499996 0.517578125 0.235625909375 0.517578125 0.2228893734375 0.515625 0.21524745312500002 0.5087890625 0.2037845703125 0.5009765625 0.19868995625000002 0.4892578125 0.19868995625000002 0.4814453125 0.20123726406250003 0.4775390625 0.2037845703125 0.46875 0.21524745312500002 0.466796875 0.2203420671875 0.46484375 0.2407205234375 0.46875 0.25345705937499996 0.470703125 0.2585516734375 0.4755859375 0.26491994218750003
1 0.3359375 0.20760553124999997 0.3486328125 0.2216157203125 0.3564453125 0.224163028125 0.3681640625 0.224163028125 0.3740234375 0.2216157203125 0.38671875 0.20760553124999997 0.392578125 0.1948689953125 0.39453125 0.187227075 0.39453125 0.161754003125 0.388671875 0.1490174671875 0.3837890625 0.1426492 0.3759765625 0.137554584375 0.3701171875 0.135007278125 0.3603515625 0.135007278125 0.3525390625 0.137554584375 0.3447265625 0.1426492 0.333984375 0.15665938906250002 0.33203125 0.161754003125 0.330078125 0.169395925 0.330078125 0.1846797671875 0.333984375 0.2025109171875 0.3359375 0.20760553124999997
1 0.2958984375 0.3184133921875 0.3017578125 0.32350800625 0.3076171875 0.32605531249999997 0.3271484375 0.32605531249999997 0.3349609375 0.3209606984375 0.33984375 0.31459243125 0.345703125 0.2993085875 0.345703125 0.286572053125 0.341796875 0.271288209375 0.3349609375 0.262372634375 0.3291015625 0.2572780203125 0.3193359375 0.25218340625 0.3056640625 0.25218340625 0.2958984375 0.2572780203125 0.291015625 0.26364628749999997 0.287109375 0.271288209375 0.287109375 0.3018558953125 0.291015625 0.3120451234375 0.2958984375 0.3184133921875
1 0.2998046875 0.23435225625 0.310546875 0.22543668125 0.31640625 0.2127001453125 0.31640625 0.187227075 0.3125 0.1770378453125 0.3095703125 0.173216884375 0.3017578125 0.1681222703125 0.2802734375 0.1681222703125 0.26953125 0.182132459375 0.265625 0.1923216890625 0.265625 0.199963609375 0.2958984375 0.23435225625 0.2998046875 0.23435225625
1 0.2529296875 0.26491994218750003 0.2607421875 0.27001455625 0.2744140625 0.27001455625 0.2802734375 0.26746724843749997 0.3125 0.2228893734375 0.31640625 0.2127001453125 0.31640625 0.187227075 0.3125 0.1770378453125 0.3076171875 0.170669578125 0.2958984375 0.1655749640625 0.2861328125 0.1655749640625 0.2763671875 0.170669578125 0.2431640625 0.206331878125 0.23828125 0.2127001453125 0.236328125 0.21779475937499998 0.234375 0.2279839890625 0.236328125 0.2381732171875 0.240234375 0.2483624453125 0.2529296875 0.26491994218750003
1 0.232421875 0.33242358125 0.2392578125 0.34133915625 0.2431640625 0.3438864625 0.2490234375 0.3464337703125 0.2587890625 0.3464337703125 0.2646484375 0.3438864625 0.275390625 0.3298762734375 0.279296875 0.3196870453125 0.28125 0.30949781718749997 0.279296875 0.29676128125 0.27734375 0.2916666671875 0.2666015625 0.277656478125 0.2607421875 0.27510917031250004 0.2470703125 0.27510917031250004 0.2373046875 0.280203784375 0.2265625 0.2942139734375 0.224609375 0.3018558953125 0.224609375 0.3120451234375 0.2265625 0.3196870453125 0.232421875 0.33242358125
1 0.2119140625 0.2318049484375 0.2275390625 0.2318049484375 0.232421875 0.22543668125 0.248046875 0.197416303125 0.248046875 0.1770378453125 0.24609375 0.169395925 0.2373046875 0.15793304218749998 0.2294921875 0.15283842812499998 0.2158203125 0.15283842812499998 0.2099609375 0.155385734375 0.2041015625 0.16048035 0.19921875 0.1668486171875 0.193359375 0.1846797671875 0.19140625 0.199963609375 0.1953125 0.21524745312500002 0.2041015625 0.22671033437500002 0.2119140625 0.2318049484375
1 0.1494140625 0.21142649218749998 0.1689453125 0.21142649218749998 0.1728515625 0.20887918437500003 0.181640625 0.197416303125 0.185546875 0.187227075 0.189453125 0.169395925 0.1875 0.161754003125 0.1748046875 0.14519650625 0.1650390625 0.1426492 0.1474609375 0.15283842812499998 0.138671875 0.164301309375 0.13671875 0.169395925 0.13671875 0.1923216890625 0.138671875 0.197416303125 0.1494140625 0.21142649218749998
1 0.1689453125 0.21142649218749998 0.1728515625 0.20887918437500003 0.18359375 0.1948689953125 0.1875 0.182132459375 0.193359375 0.11844978125000001 0.193359375 0.0929767109375 0.189453125 0.08278748124999999 0.1826171875 0.07387190625 0.1748046875 0.0687772921875 0.1552734375 0.0687772921875 0.1474609375 0.07387190625 0.14453125 0.0776928671875 0.140625 0.090429403125 0.134765625 0.1846797671875 0.138671875 0.197416303125 0.1494140625 0.21142649218749998 0.1689453125 0.21142649218749998
1 0.2392578125 0.08915575 0.2529296875 0.09934497812500001 0.2685546875 0.09934497812500001 0.2763671875 0.09425036406250001 0.287109375 0.080240175 0.2890625 0.0751455609375 0.291015625 0.0675036390625 0.291015625 0.05476710312500001 0.2890625 0.047125181249999995 0.287109375 0.0420305671875 0.2783203125 0.0305676859375 0.2705078125 0.025473071874999996 0.2509765625 0.025473071874999996 0.2470703125 0.028020378125000002 0.234375 0.044577875 0.23046875 0.05476710312500001 0.23046875 0.072598253125 0.232421875 0.080240175 0.2392578125 0.08915575
1 0.0341796875 0.18850072812500002 0.0380859375 0.191048034375 0.0498046875 0.19359534218750002 0.0595703125 0.18850072812500002 0.0703125 0.1770378453125 0.07421875 0.1668486171875 0.07421875 0.1388282390625 0.0703125 0.12863901093750002 0.0654296875 0.1222707421875 0.0517578125 0.11462882031249999 0.0458984375 0.11462882031249999 0.0380859375 0.117176128125 0.0302734375 0.1222707421875 0.0234375 0.1311863171875 0.01953125 0.1388282390625 0.01953125 0.1592066953125 0.0234375 0.17194323125 0.0341796875 0.18850072812500002
1 0.0400390625 0.31331877656249996 0.0498046875 0.31586608437499997 0.0634765625 0.30567685624999996 0.06640625 0.3018558953125 0.0703125 0.2916666671875 0.072265625 0.2814774375 0.072265625 0.268740903125 0.068359375 0.2585516734375 0.0615234375 0.24963609843749998 0.0517578125 0.244541484375 0.0458984375 0.244541484375 0.0322265625 0.25218340625 0.02734375 0.2585516734375 0.0234375 0.2661935953125 0.0234375 0.2942139734375 0.0283203125 0.3031295484375 0.0400390625 0.31331877656249996
1 0.0888671875 0.3744541484375 0.0986328125 0.37954876249999997 0.1044921875 0.37954876249999997 0.1103515625 0.3744541484375 0.12109375 0.360443959375 0.126953125 0.3400655015625 0.126953125 0.3298762734375 0.123046875 0.3120451234375 0.1162109375 0.3031295484375 0.1083984375 0.298034934375 0.0966796875 0.298034934375 0.0888671875 0.3005822421875 0.080078125 0.306950509375 0.072265625 0.32478165937500003 0.0703125 0.3375181953125 0.07421875 0.3553493453125 0.078125 0.362991265625 0.0888671875 0.3744541484375
1 0.0771484375 0.4559679765625 0.0908203125 0.4636098984375 0.1044921875 0.46615720468750005 0.1083984375 0.4636098984375 0.12109375 0.44450509531250004 0.125 0.434315865625 0.125 0.4190320234375 0.12109375 0.4012008734375 0.1162109375 0.3922852984375 0.1123046875 0.389737990625 0.1005859375 0.38719068437500004 0.0810546875 0.38719068437500004 0.0712890625 0.3922852984375 0.064453125 0.4012008734375 0.060546875 0.4113901015625 0.060546875 0.431768559375 0.0625 0.4368631734375 0.0771484375 0.4559679765625
1 0.1689453125 0.4839883546875 0.1787109375 0.49163027656249997 0.1923828125 0.49163027656249997 0.2001953125 0.4865356625 0.208984375 0.4750727796875 0.212890625 0.46488355156249994 0.21484375 0.45214701562500004 0.212890625 0.4419577875 0.208984375 0.431768559375 0.2021484375 0.42285298437499996 0.1904296875 0.41521106249999995 0.1767578125 0.41521106249999995 0.1669921875 0.4203056765625 0.16015625 0.42922125156249996 0.15625 0.4394104796875 0.15625 0.46488355156249994 0.158203125 0.469978165625 0.1689453125 0.4839883546875
1 0.1279296875 0.6088064046875 0.1396484375 0.6088064046875 0.1533203125 0.6011644828125 0.16015625 0.5922489078125001 0.166015625 0.5769650656249999 0.166015625 0.5642285296875 0.162109375 0.55149199375 0.1513671875 0.5374818046875001 0.1435546875 0.532387190625 0.1298828125 0.532387190625 0.1240234375 0.5349344984375 0.1201171875 0.5374818046875001 0.109375 0.55149199375 0.107421875 0.5565866078124999 0.107421875 0.5846069875000001 0.1142578125 0.59606986875 0.1279296875 0.6088064046875
1 0.0537109375 0.6317321687499999 0.0576171875 0.6342794765625 0.0791015625 0.6342794765625 0.0869140625 0.6291848609375 0.091796875 0.62281659375 0.103515625 0.594796215625 0.103515625 0.5846069875000001 0.1015625 0.5744177578125 0.0908203125 0.56040756875 0.0830078125 0.5553129546875 0.0634765625 0.5553129546875 0.0537109375 0.5629548765625 0.046875 0.5718704515625 0.041015625 0.5871542937500001 0.041015625 0.6100800578125 0.044921875 0.6202692875 0.0537109375 0.6317321687499999
1 0.0791015625 0.728529840625 0.0927734375 0.728529840625 0.1025390625 0.723435225 0.11328125 0.7094250359375 0.1171875 0.6966885 0.1171875 0.683951965625 0.111328125 0.6712154296875 0.1005859375 0.6622998546875001 0.0927734375 0.659752546875 0.0830078125 0.659752546875 0.0693359375 0.66739446875 0.0546875 0.686499271875 0.05078125 0.6966885 0.05078125 0.7068777296875 0.0615234375 0.72088791875 0.0791015625 0.728529840625
1 0.025390625 0.796033478125 0.0341796875 0.8049490531249999 0.0478515625 0.81004366875 0.0576171875 0.8074963609375001 0.0673828125 0.7998544390625 0.07421875 0.7909388640625 0.078125 0.7731077140625 0.078125 0.7552765640625 0.076171875 0.7450873359375 0.0654296875 0.7310771468749999 0.0556640625 0.7259825328125 0.0458984375 0.7259825328125 0.0380859375 0.728529840625 0.0283203125 0.7361717609375 0.01953125 0.75018195 0.017578125 0.7552765640625 0.017578125 0.775655021875 0.01953125 0.78329694375 0.025390625 0.796033478125
1 0.0712890625 0.9348617171875 0.0751953125 0.937409025 0.0810546875 0.93995633125 0.0986328125 0.93995633125 0.1044921875 0.937409025 0.1083984375 0.9348617171875 0.12109375 0.9183042218749999 0.123046875 0.91320960625 0.123046875 0.885189228125 0.12109375 0.8775473078125 0.1142578125 0.866084425 0.1044921875 0.8584425031249999 0.0986328125 0.8558951968749999 0.0830078125 0.8558951968749999 0.0693359375 0.8635371171875 0.05859375 0.8775473078125 0.056640625 0.8826419218750001 0.056640625 0.9081149921874999 0.0625 0.9233988359374999 0.0712890625 0.9348617171875
1 0.0703125 0.9972707421875 0.0703125 0.98453420625 0.06640625 0.9717976703125 0.0576171875 0.9603347890625 0.0537109375 0.9577874812499999 0.0400390625 0.9577874812499999 0.0341796875 0.9603347890625 0.0263671875 0.965429403125 0.01953125 0.974344978125 0.017578125 0.9794395921874999 0.015625 0.9947234359375001 0.0185546875 0.9985443953124999 0.0693359375 0.9985443953124999 0.0703125 0.9972707421875
1 0.3486328125 0.82787481875 0.3564453125 0.8329694328125001 0.3740234375 0.8329694328125001 0.3818359375 0.82787481875 0.392578125 0.813864628125 0.396484375 0.8036754 0.396484375 0.775655021875 0.3876953125 0.7590975249999999 0.3740234375 0.7514556046875 0.3642578125 0.7514556046875 0.3544921875 0.75655021875 0.3447265625 0.7641921390624999 0.3359375 0.7807496359375 0.333984375 0.796033478125 0.3359375 0.8062227078124999 0.33984375 0.8164119359375 0.3486328125 0.82787481875
1 0.2978515625 0.73871906875 0.3115234375 0.7438136828124999 0.3232421875 0.73871906875 0.330078125 0.72980349375 0.333984375 0.719614265625 0.333984375 0.7043304218750001 0.330078125 0.6890465796874999 0.3212890625 0.677583696875 0.3095703125 0.6724890828125 0.3017578125 0.6724890828125 0.2958984375 0.675036390625 0.28515625 0.6890465796874999 0.283203125 0.6966885 0.283203125 0.7119723437500001 0.287109375 0.7247088796875001 0.2978515625 0.73871906875
1 0.4189453125 0.8584425031249999 0.4306640625 0.8584425031249999 0.4462890625 0.8533478890625 0.455078125 0.8418850078125001 0.4609375 0.8266011640625001 0.4609375 0.8062227078124999 0.4521484375 0.79221251875 0.4462890625 0.7896652109375 0.4306640625 0.7896652109375 0.4228515625 0.79221251875 0.4130859375 0.7998544390625 0.40625 0.8087700140624999 0.40234375 0.8164119359375 0.40234375 0.8342430859375 0.408203125 0.849526928125 0.4189453125 0.8584425031249999
1 0.4931640625 0.8890101890625 0.5009765625 0.8915574968750001 0.5087890625 0.8915574968750001 0.5166015625 0.8890101890625 0.5302734375 0.8788209609375001 0.5390625 0.8622634640625 0.541015625 0.8546215421875001 0.541015625 0.83679039375 0.5390625 0.8291484718750001 0.53515625 0.82150655 0.5263671875 0.81004366875 0.5185546875 0.8049490531249999 0.5048828125 0.802401746875 0.4892578125 0.8074963609375001 0.4833984375 0.812590975 0.47265625 0.8266011640625001 0.470703125 0.8342430859375 0.470703125 0.8571688500000001 0.478515625 0.875 0.4931640625 0.8890101890625
1 0.474609375 0.98453420625 0.4794921875 0.9909024750000001 0.4873046875 0.9959970890625 0.5087890625 0.9959970890625 0.5224609375 0.9858078609375 0.533203125 0.9717976703125 0.53515625 0.96415575 0.53515625 0.9463246 0.533203125 0.9335880640625 0.529296875 0.9233988359374999 0.5205078125 0.911935953125 0.5126953125 0.9068413390625001 0.4970703125 0.9068413390625001 0.4873046875 0.911935953125 0.474609375 0.92849345 0.470703125 0.936135371875 0.466796875 0.9463246 0.466796875 0.96415575 0.46875 0.9717976703125 0.474609375 0.98453420625
1 0.400390625 0.94887190625 0.4091796875 0.9603347890625 0.4267578125 0.9705240171874999 0.4384765625 0.9705240171874999 0.4462890625 0.965429403125 0.453125 0.9565138281250001 0.46484375 0.9208515281249999 0.46484375 0.91320960625 0.458984375 0.8979257640625 0.4462890625 0.873726346875 0.4423828125 0.8711790390624999 0.4091796875 0.8686317328125 0.3994140625 0.876273653125 0.392578125 0.8877365359375 0.390625 0.8953784578124999 0.390625 0.9233988359374999 0.392578125 0.93104075625 0.400390625 0.94887190625
1 0.6923828125 0.911935953125 0.7060546875 0.9195778750000001 0.7197265625 0.9144832609375 0.728515625 0.903020378125 0.732421875 0.8953784578124999 0.73828125 0.8775473078125 0.73828125 0.8622634640625 0.734375 0.846979621875 0.7255859375 0.8355167390625 0.7119140625 0.8355167390625 0.7021484375 0.840611353125 0.689453125 0.8571688500000001 0.681640625 0.8775473078125 0.681640625 0.8877365359375 0.6875 0.9055676859374999 0.6923828125 0.911935953125
1 0.7724609375 0.8788209609375001 0.7861328125 0.8813682671875 0.7958984375 0.876273653125 0.80859375 0.8597161578125 0.8125 0.846979621875 0.8125 0.8291484718750001 0.806640625 0.813864628125 0.7978515625 0.802401746875 0.7841796875 0.7947598250000001 0.7763671875 0.7947598250000001 0.7685546875 0.7973071328125 0.7607421875 0.802401746875 0.751953125 0.813864628125 0.748046875 0.8240538578125 0.74609375 0.83679039375 0.751953125 0.8597161578125 0.7626953125 0.873726346875 0.7724609375 0.8788209609375001
1 0.73828125 0.9565138281250001 0.7451171875 0.965429403125 0.7529296875 0.9705240171874999 0.7646484375 0.9705240171874999 0.7783203125 0.9628820953125 0.78515625 0.9539665218750001 0.7890625 0.9463246 0.791015625 0.9386826781250001 0.791015625 0.9183042218749999 0.787109375 0.9081149921874999 0.7783203125 0.8966521109375 0.7666015625 0.8915574968750001 0.7587890625 0.8915574968750001 0.7490234375 0.8966521109375 0.740234375 0.9081149921874999 0.734375 0.9208515281249999 0.732421875 0.92849345 0.732421875 0.9386826781250001 0.734375 0.9463246 0.73828125 0.9565138281250001
1 0.8642578125 0.8941048031250001 0.8837890625 0.8941048031250001 0.892578125 0.8826419218750001 0.896484375 0.8724526921875 0.8984375 0.8520742359375 0.8876953125 0.840611353125 0.8759765625 0.8355167390625 0.8623046875 0.8355167390625 0.85546875 0.8444323140625001 0.849609375 0.8546215421875001 0.849609375 0.8673580781249999 0.853515625 0.8800946140624999 0.8642578125 0.8941048031250001
1 0.8740234375 0.9909024750000001 0.8896484375 0.9909024750000001 0.8974609375 0.9858078609375 0.90625 0.974344978125 0.91015625 0.96415575 0.91015625 0.9437772921875001 0.90625 0.9335880640625 0.8994140625 0.9246724890625 0.8896484375 0.9195778750000001 0.8779296875 0.9170305671874999 0.8681640625 0.9195778750000001 0.8623046875 0.9246724890625 0.859375 0.93104075625 0.857421875 0.9437772921875001 0.8671875 0.9819869000000001 0.8701171875 0.9883551671875 0.8740234375 0.9909024750000001
1 0.884765625 0.8062227078124999 0.9013671875 0.82787481875 0.9111328125 0.8329694328125001 0.9248046875 0.8329694328125001 0.9345703125 0.82787481875 0.939453125 0.82150655 0.943359375 0.8113173218749999 0.9453125 0.80112809375 0.9443359375 0.79221251875 0.9013671875 0.7590975249999999 0.8916015625 0.7590975249999999 0.8876953125 0.7616448328125001 0.880859375 0.7705604078125 0.87890625 0.7782023296875 0.87890625 0.7909388640625 0.880859375 0.7985807859375 0.884765625 0.8062227078124999
1 1 0.7883915578125 0.9970703125 0.784570596875 0.9931640625 0.7820232890625001 0.9775390625 0.7820232890625001 0.9697265625 0.7871179046875 0.958984375 0.80112809375 0.95703125 0.8062227078124999 0.955078125 0.813864628125 0.955078125 0.8266011640625001 0.95703125 0.8342430859375 0.9609375 0.8418850078125001 0.9716796875 0.8558951968749999 0.9755859375 0.8584425031249999 0.9931640625 0.8584425031249999 1 0.8520742359375 1 0.7883915578125
1 0.9833984375 0.9246724890625 0.984375 0.9183042218749999 0.9814453125 0.9144832609375 0.978515625 0.9183042218749999 0.978515625 0.9208515281249999 0.9814453125 0.9246724890625 0.9833984375 0.9246724890625
1 0.998046875 0.9972707421875 0.994140625 0.98453420625 0.9853515625 0.973071325 0.9814453125 0.9705240171874999 0.9697265625 0.9705240171874999 0.9638671875 0.973071325 0.955078125 0.98453420625 0.951171875 0.9972707421875 0.9560546875 1 0.9970703125 0.9985443953124999 0.998046875 0.9972707421875
1 0.294921875 0.434315865625 0.3037109375 0.44577874843750004 0.3115234375 0.4508733625 0.3330078125 0.4508733625 0.3369140625 0.4483260546875 0.345703125 0.4368631734375 0.353515625 0.4113901015625 0.3515625 0.398653565625 0.345703125 0.3884643375 0.3330078125 0.37700145625000003 0.3173828125 0.37700145625000003 0.3056640625 0.38464337656250003 0.294921875 0.398653565625 0.291015625 0.40884279531249995 0.291015625 0.4215793296875 0.29296875 0.42922125156249996 0.294921875 0.434315865625
1 0.3427734375 0.4839883546875 0.3505859375 0.48908296875 0.3662109375 0.49163027656249997 0.3798828125 0.4839883546875 0.392578125 0.467430859375 0.396484375 0.45978893750000005 0.400390625 0.4419577875 0.400390625 0.4241266375 0.396484375 0.40884279531249995 0.390625 0.398653565625 0.3818359375 0.389737990625 0.3779296875 0.38719068437500004 0.3662109375 0.38464337656250003 0.3583984375 0.389737990625 0.35546875 0.3935589515625 0.333984375 0.45214701562500004 0.333984375 0.467430859375 0.337890625 0.47762008749999996 0.3427734375 0.4839883546875
1 0.9521484375 0.09934497812500001 0.9619140625 0.10443959218750001 0.9697265625 0.10443959218750001 0.9775390625 0.09934497812500001 0.9873046875 0.09170305625 0.9921875 0.0853347890625 0.994140625 0.080240175 0.994140625 0.0675036390625 0.990234375 0.057314410937500004 0.9853515625 0.0509461421875 0.9755859375 0.045851528125 0.9580078125 0.045851528125 0.9501953125 0.0509461421875 0.943359375 0.059861717187499996 0.94140625 0.0675036390625 0.94140625 0.0776928671875 0.943359375 0.0853347890625 0.9521484375 0.09934497812500001
1 0.8935546875 0 0.892578125 0.001273653125 0.892578125 0.016557496875 0.8984375 0.0318413390625 0.9072265625 0.043304221875 0.9169921875 0.0483988359375 0.9326171875 0.0483988359375 0.9384765625 0.045851528125 0.9755859375 0.0203784578125 0.9814453125 0.015283842187499999 0.986328125 0.0063682671875 0.9853515625 0 0.8935546875 0
1 0.7958984375 0.2852983984375 0.8095703125 0.2852983984375 0.8212890625 0.280203784375 0.833984375 0.26364628749999997 0.837890625 0.25600436718749997 0.83984375 0.2483624453125 0.83984375 0.2305312953125 0.837890625 0.21779475937499998 0.83203125 0.20505822343750002 0.8271484375 0.19868995625000002 0.8056640625 0.19868995625000002 0.7978515625 0.20123726406250003 0.787109375 0.2127001453125 0.775390625 0.2381732171875 0.7734375 0.2458151390625 0.77734375 0.26364628749999997 0.7880859375 0.280203784375 0.7958984375 0.2852983984375
1 0.8369140625 0.606259096875 0.8447265625 0.6113537124999999 0.8583984375 0.6113537124999999 0.8662109375 0.606259096875 0.876953125 0.5922489078125001 0.87890625 0.5846069875000001 0.87890625 0.5642285296875 0.873046875 0.55149199375 0.8623046875 0.5400291125 0.8486328125 0.532387190625 0.8388671875 0.532387190625 0.8349609375 0.5349344984375 0.828125 0.5438500734375 0.826171875 0.5489446874999999 0.82421875 0.5565866078124999 0.82421875 0.5744177578125 0.830078125 0.594796215625 0.8369140625 0.606259096875
1 0.87109375 0.6559315859375 0.8837890625 0.6724890828125 0.8916015625 0.677583696875 0.9033203125 0.677583696875 0.9111328125 0.6724890828125 0.916015625 0.666120815625 0.921875 0.648289665625 0.921875 0.6253639015625 0.919921875 0.6202692875 0.9111328125 0.6088064046875 0.8974609375 0.603711790625 0.8896484375 0.603711790625 0.8818359375 0.606259096875 0.869140625 0.6202692875 0.8671875 0.6279112078125 0.8671875 0.6431950515625 0.869140625 0.650836971875 0.87109375 0.6559315859375
1 0.916015625 0.594796215625 0.9228515625 0.603711790625 0.9267578125 0.606259096875 0.9404296875 0.606259096875 0.9580078125 0.5935225625 0.962890625 0.5871542937500001 0.966796875 0.5769650656249999 0.96875 0.559133915625 0.96484375 0.5438500734375 0.9560546875 0.5298398828125 0.9521484375 0.5272925765625 0.9267578125 0.5272925765625 0.9228515625 0.5298398828125 0.91015625 0.5463973796875 0.90625 0.5565866078124999 0.90625 0.5718704515625 0.908203125 0.579512371875 0.916015625 0.594796215625
1 0.8935546875 0.5756914125 0.8974609375 0.57823871875 0.9052734375 0.57823871875 0.9296875 0.523471615625 0.9296875 0.5183770015625 0.9169921875 0.5043668125 0.9052734375 0.4992721984375 0.8955078125 0.4992721984375 0.8916015625 0.5018195046875 0.8828125 0.5132823875 0.876953125 0.5285662296875 0.876953125 0.5463973796875 0.880859375 0.559133915625 0.8935546875 0.5756914125
1 1 0.51582969375 0.99609375 0.505640465625 0.9853515625 0.49163027656249997 0.9736328125 0.4865356625 0.9638671875 0.4865356625 0.9541015625 0.48908296875 0.9404296875 0.496724890625 0.93359375 0.505640465625 0.931640625 0.5107350796875 0.93359375 0.51582969375 0.9697265625 0.5756914125 0.9775390625 0.5756914125 0.990234375 0.5616812234374999 0.99609375 0.5489446874999999 1 0.5362081515625 1 0.51582969375