1 0.4833984375 0.2139737984375 0.4892578125 0.21906841406250002 0.4951171875 0.2216157203125 0.5068359375 0.2216157203125 0.5126953125 0.21906841406250002 0.5244140625 0.20887918437500003 0.529296875 0.2025109171875 0.533203125 0.1923216890625 0.533203125 0.17194323125 0.52734375 0.15665938906250002 0.5146484375 0.1401018921875 0.5068359375 0.135007278125 0.4912109375 0.135007278125 0.4853515625 0.137554584375 0.47265625 0.15411208125 0.470703125 0.161754003125 0.46875 0.1770378453125 0.470703125 0.1948689953125 0.47265625 0.199963609375 0.4833984375 0.2139737984375
1 0.2392578125 0.2547307125 0.2529296875 0.262372634375 0.2587890625 0.262372634375 0.2685546875 0.2572780203125 0.27734375 0.2458151390625 0.28125 0.235625909375 0.283203125 0.21779475937499998 0.28125 0.20760553124999997 0.27734375 0.197416303125 0.2724609375 0.191048034375 0.2587890625 0.18340611406250001 0.2412109375 0.18340611406250001 0.2333984375 0.18850072812500002 0.224609375 0.199963609375 0.22265625 0.20505822343750002 0.22265625 0.2279839890625 0.2265625 0.2381732171875 0.2392578125 0.2547307125
1 0.3876953125 0.3107714703125 0.3955078125 0.31586608437499997 0.4013671875 0.3184133921875 0.4111328125 0.3184133921875 0.4189453125 0.31331877656249996 0.423828125 0.306950509375 0.4296875 0.2942139734375 0.431640625 0.286572053125 0.431640625 0.2763828234375 0.4296875 0.268740903125 0.423828125 0.25600436718749997 0.4189453125 0.24963609843749998 0.4150390625 0.24708879218750002 0.4091796875 0.244541484375 0.3974609375 0.244541484375 0.3837890625 0.25218340625 0.37890625 0.2585516734375 0.376953125 0.26364628749999997 0.375 0.271288209375 0.375 0.286572053125 0.376953125 0.2942139734375 0.3876953125 0.3107714703125
1 0.4404296875 0.43049490468749996 0.4560546875 0.43049490468749996 0.4638671875 0.425400290625 0.47265625 0.413937409375 0.478515625 0.3935589515625 0.478515625 0.378275109375 0.474609375 0.36553857343749996 0.4638671875 0.351528384375 0.4599609375 0.3489810765625 0.4404296875 0.3489810765625 0.4345703125 0.351528384375 0.42578125 0.360443959375 0.41796875 0.378275109375 0.416015625 0.396106259375 0.421875 0.413937409375 0.4287109375 0.42285298437499996 0.4404296875 0.43049490468749996
1 0.3701171875 0.4508733625 0.3857421875 0.4508733625 0.3935546875 0.44577874843750004 0.404296875 0.431768559375 0.40625 0.4266739453125 0.40625 0.40374818125 0.404296875 0.398653565625 0.3955078125 0.38719068437500004 0.3916015625 0.38464337656250003 0.3759765625 0.38464337656250003 0.3681640625 0.389737990625 0.361328125 0.398653565625 0.357421875 0.40884279531249995 0.357421875 0.431768559375 0.361328125 0.4419577875 0.3701171875 0.4508733625
1 0.3310546875 0.5221979625000001 0.3408203125 0.5221979625000001 0.3486328125 0.5171033484375 0.357421875 0.5081877734375 0.361328125 0.49799854374999997 0.36328125 0.48016739375000006 0.359375 0.46488355156249994 0.3486328125 0.4508733625 0.3349609375 0.4483260546875 0.3212890625 0.4559679765625 0.31640625 0.4623362453125 0.3125 0.47252547343750007 0.3125 0.49290392968749996 0.3193359375 0.5120087343749999 0.3310546875 0.5221979625000001
1 0.2568359375 0.42794759843749997 0.2607421875 0.43049490468749996 0.2724609375 0.4330422125 0.2822265625 0.43049490468749996 0.294921875 0.41648471562499995 0.30078125 0.398653565625 0.30078125 0.3884643375 0.296875 0.3731804953125 0.2900390625 0.3642649203125 0.2841796875 0.35917030625 0.2783203125 0.3566229984375 0.2685546875 0.3566229984375 0.2587890625 0.3617176125 0.248046875 0.37572780156249996 0.24609375 0.380822415625 0.244140625 0.3910116453125 0.24609375 0.4113901015625 0.248046875 0.41648471562499995 0.2568359375 0.42794759843749997
1 0.2158203125 0.5221979625000001 0.2236328125 0.5272925765625 0.2314453125 0.5298398828125 0.2412109375 0.5272925765625 0.25390625 0.5132823875 0.2578125 0.503093159375 0.259765625 0.49290392968749996 0.2578125 0.47762008749999996 0.255859375 0.47252547343750007 0.2470703125 0.461062590625 0.2431640625 0.45851528437500005 0.2373046875 0.4559679765625 0.2275390625 0.4559679765625 0.2216796875 0.45851528437500005 0.2138671875 0.4636098984375 0.205078125 0.47762008749999996 0.203125 0.487809315625 0.203125 0.5005458515625001 0.205078125 0.5081877734375 0.2158203125 0.5221979625000001
1 0.23046875 0.5871542937500001 0.2392578125 0.5986171765625 0.2431640625 0.6011644828125 0.2490234375 0.603711790625 0.2626953125 0.603711790625 0.2724609375 0.59606986875 0.283203125 0.5769650656249999 0.283203125 0.559133915625 0.279296875 0.5489446874999999 0.2724609375 0.5400291125 0.2607421875 0.532387190625 0.2490234375 0.532387190625 0.2431640625 0.5349344984375 0.2392578125 0.5374818046875001 0.228515625 0.55149199375 0.2265625 0.5565866078124999 0.2265625 0.5744177578125 0.228515625 0.5820596796874999 0.23046875 0.5871542937500001
1 0.1767578125 0.6189956328124999 0.1923828125 0.6189956328124999 0.2021484375 0.6113537124999999 0.20703125 0.60498544375 0.212890625 0.5871542937500001 0.212890625 0.5718704515625 0.2001953125 0.5502183406250001 0.1787109375 0.5451237265625 0.1689453125 0.5527656484375 0.16015625 0.5642285296875 0.158203125 0.5897016015625 0.166015625 0.6100800578125 0.1689453125 0.61390101875 0.1767578125 0.6189956328124999
1 0.23046875 0.7170669578125 0.2451171875 0.7336244546875 0.2509765625 0.7361717609375 0.2626953125 0.7361717609375 0.2666015625 0.7336244546875 0.27734375 0.719614265625 0.283203125 0.701783115625 0.283203125 0.67631004375 0.2724609375 0.6521106265625 0.2607421875 0.6444687046875 0.2490234375 0.6444687046875 0.236328125 0.6610262015624999 0.2265625 0.6788573515625 0.224609375 0.686499271875 0.224609375 0.6966885 0.2265625 0.7094250359375 0.23046875 0.7170669578125
1 0.3623046875 0.710698690625 0.3798828125 0.710698690625 0.3837890625 0.7081513828125 0.39453125 0.6941411937499999 0.3984375 0.6814046578124999 0.3984375 0.666120815625 0.396484375 0.65847889375 0.3876953125 0.6470160109374999 0.3798828125 0.641921396875 0.3701171875 0.641921396875 0.3564453125 0.6495633187500001 0.349609375 0.65847889375 0.345703125 0.668668121875 0.34375 0.67631004375 0.345703125 0.6941411937499999 0.3525390625 0.70305676875 0.3623046875 0.710698690625
1 0.294921875 0.78329694375 0.3037109375 0.7947598250000001 0.3076171875 0.7973071328125 0.3232421875 0.7973071328125 0.3310546875 0.79221251875 0.333984375 0.7883915578125 0.341796875 0.7705604078125 0.341796875 0.7450873359375 0.337890625 0.7323508000000001 0.3271484375 0.7183406109375 0.3232421875 0.7157933046875 0.3076171875 0.7157933046875 0.3017578125 0.7183406109375 0.294921875 0.7247088796875001 0.2890625 0.737445415625 0.287109375 0.7450873359375 0.287109375 0.7629184859375 0.2890625 0.7705604078125 0.294921875 0.78329694375
1 0.3154296875 0.5935225625 0.3251953125 0.6011644828125 0.3408203125 0.6011644828125 0.3486328125 0.5986171765625 0.359375 0.5871542937500001 0.36328125 0.5769650656249999 0.36328125 0.5667758375 0.359375 0.55149199375 0.3505859375 0.5400291125 0.3447265625 0.5349344984375 0.3330078125 0.532387190625 0.3173828125 0.5374818046875001 0.30859375 0.5489446874999999 0.306640625 0.5540393015625 0.3046875 0.5616812234374999 0.3046875 0.5693231437499999 0.310546875 0.5871542937500001 0.3154296875 0.5935225625
1 0.3837890625 0.588427946875 0.3916015625 0.5935225625 0.4033203125 0.5935225625 0.4111328125 0.588427946875 0.41796875 0.579512371875 0.419921875 0.5744177578125 0.419921875 0.55149199375 0.4033203125 0.5298398828125 0.3876953125 0.5298398828125 0.3837890625 0.532387190625 0.375 0.5463973796875 0.373046875 0.55149199375 0.373046875 0.5693231437499999 0.375 0.5769650656249999 0.3837890625 0.588427946875
1 0.4482421875 0.6011644828125 0.4658203125 0.6011644828125 0.4697265625 0.5986171765625 0.482421875 0.5820596796874999 0.484375 0.5744177578125 0.484375 0.5642285296875 0.474609375 0.5387554578125 0.4658203125 0.5298398828125 0.4599609375 0.5272925765625 0.4501953125 0.5298398828125 0.4384765625 0.5374818046875001 0.431640625 0.5489446874999999 0.4296875 0.5565866078124999 0.431640625 0.5769650656249999 0.439453125 0.5922489078125001 0.4482421875 0.6011644828125
1 0.4052734375 0.5171033484375 0.4111328125 0.5196506546874999 0.4248046875 0.5221979625000001 0.4384765625 0.5171033484375 0.455078125 0.49545123750000003 0.458984375 0.4827147015625 0.458984375 0.46488355156249994 0.45703125 0.45978893750000005 0.4501953125 0.4508733625 0.4423828125 0.44577874843750004 0.4287109375 0.443231440625 0.4208984375 0.443231440625 0.4130859375 0.44577874843750004 0.39453125 0.4623362453125 0.390625 0.47252547343750007 0.390625 0.49290392968749996 0.396484375 0.5081877734375 0.4052734375 0.5171033484375
1 0.4990234375 0.5629548765625 0.5068359375 0.568049490625 0.5224609375 0.568049490625 0.5302734375 0.5629548765625 0.5390625 0.55149199375 0.54296875 0.5387554578125 0.541015625 0.523471615625 0.537109375 0.5132823875 0.5263671875 0.4992721984375 0.5185546875 0.49417758437500003 0.5087890625 0.49163027656249997 0.4990234375 0.49417758437500003 0.48828125 0.5081877734375 0.486328125 0.5132823875 0.484375 0.523471615625 0.486328125 0.5387554578125 0.4921875 0.5540393015625 0.4990234375 0.5629548765625
1 1 0.0063682671875 0.9990234375 0.0050946140625 0.9892578125 0.0025473078125 0.1533203125 0.0025473078125 0.0009765625 0.0050946140625 0 0.0063682671875 0 0.9947234359375001 0.0009765625 0.9959970890625 0.9990234375 0.9959970890625 1 0.9947234359375001 1 0.0063682671875
1 0.6142578125 0.56040756875 0.6220703125 0.5655021828125 0.6279296875 0.568049490625 0.6396484375 0.568049490625 0.6513671875 0.5629548765625 0.658203125 0.5565866078124999 0.6640625 0.5438500734375 0.666015625 0.5362081515625 0.666015625 0.5183770015625 0.662109375 0.505640465625 0.6552734375 0.496724890625 0.6513671875 0.49417758437500003 0.6376953125 0.48908296875 0.6259765625 0.49163027656249997 0.6142578125 0.4992721984375 0.607421875 0.5081877734375 0.60546875 0.5132823875 0.603515625 0.5209243078125 0.603515625 0.5387554578125 0.60546875 0.5463973796875 0.6142578125 0.56040756875
1 0.5478515625 0.641921396875 0.5576171875 0.6470160109374999 0.5751953125 0.6470160109374999 0.5830078125 0.641921396875 0.591796875 0.630458515625 0.595703125 0.6177219796875 0.595703125 0.6100800578125 0.59375 0.6024381375 0.587890625 0.5897016015625 0.5791015625 0.5807860265625 0.5693359375 0.5756914125 0.5556640625 0.57823871875 0.5517578125 0.5807860265625 0.5458984375 0.585880640625 0.5390625 0.594796215625 0.537109375 0.5998908296875001 0.53515625 0.6075327515625 0.53515625 0.6177219796875 0.5390625 0.630458515625 0.5478515625 0.641921396875
1 0.5712890625 0.723435225 0.5810546875 0.7310771468749999 0.6025390625 0.7310771468749999 0.6103515625 0.728529840625 0.6142578125 0.7259825328125 0.623046875 0.71451965 0.626953125 0.7043304218750001 0.626953125 0.6890465796874999 0.623046875 0.67631004375 0.6162109375 0.66739446875 0.6083984375 0.6622998546875001 0.5791015625 0.6622998546875001 0.5693359375 0.66739446875 0.5625 0.67631004375 0.560546875 0.6814046578124999 0.55859375 0.6890465796874999 0.55859375 0.6992358078125 0.5625 0.7119723437500001 0.5712890625 0.723435225
1 0.689453125 0.6100800578125 0.6943359375 0.6164483265625 0.6982421875 0.6189956328124999 0.7041015625 0.621542940625 0.7236328125 0.621542940625 0.7353515625 0.61390101875 0.74609375 0.597343521875 0.748046875 0.5897016015625 0.748046875 0.5718704515625 0.74609375 0.5616812234374999 0.740234375 0.5489446874999999 0.7353515625 0.54257641875 0.7275390625 0.5374818046875001 0.7177734375 0.5349344984375 0.7119140625 0.5349344984375 0.7060546875 0.5374818046875001 0.6923828125 0.5476710328125 0.68359375 0.5642285296875 0.681640625 0.5718704515625 0.681640625 0.5871542937500001 0.685546875 0.6024381375 0.689453125 0.6100800578125
1 0.7734375 0.6788573515625 0.7841796875 0.692867540625 0.7919921875 0.6979621546875 0.8095703125 0.6979621546875 0.8212890625 0.6903202328125 0.830078125 0.6788573515625 0.83203125 0.6737627359375 0.83203125 0.650836971875 0.830078125 0.6431950515625 0.826171875 0.6355531296875 0.8212890625 0.6291848609375 0.8173828125 0.6266375546875 0.8056640625 0.621542940625 0.7939453125 0.621542940625 0.7880859375 0.624090246875 0.7783203125 0.6317321687499999 0.771484375 0.6431950515625 0.76953125 0.650836971875 0.76953125 0.6635735078125 0.771484375 0.6737627359375 0.7734375 0.6788573515625
1 0.8427734375 0.6546579328125001 0.8583984375 0.6546579328125001 0.8642578125 0.6495633187500001 0.873046875 0.6381004359375 0.876953125 0.6279112078125 0.876953125 0.5998908296875001 0.875 0.594796215625 0.8642578125 0.5807860265625 0.8505859375 0.5731441046875 0.8427734375 0.5731441046875 0.8291015625 0.5807860265625 0.82421875 0.5871542937500001 0.8203125 0.597343521875 0.818359375 0.6075327515625 0.8203125 0.62281659375 0.8388671875 0.6521106265625 0.8427734375 0.6546579328125001
1 0.9296875 0.4623362453125 0.9404296875 0.476346434375 0.9443359375 0.47889374062499995 0.9599609375 0.47889374062499995 0.97265625 0.467430859375 0.978515625 0.4546943234375 0.978515625 0.431768559375 0.974609375 0.4215793296875 0.9658203125 0.41011644843750006 0.9599609375 0.405021834375 0.9541015625 0.40247452656249993 0.9443359375 0.40247452656249993 0.9306640625 0.407569140625 0.927734375 0.413937409375 0.92578125 0.4215793296875 0.92578125 0.44705240156250003 0.927734375 0.4572416296875 0.9296875 0.4623362453125
1 0.771484375 0.3018558953125 0.7783203125 0.3082241625 0.7841796875 0.3107714703125 0.7998046875 0.3107714703125 0.8056640625 0.3082241625 0.814453125 0.29676128125 0.818359375 0.289119359375 0.8203125 0.2814774375 0.8203125 0.2661935953125 0.818359375 0.2585516734375 0.8076171875 0.241994178125 0.7998046875 0.2368995640625 0.7841796875 0.2368995640625 0.7724609375 0.241994178125 0.759765625 0.2585516734375 0.759765625 0.27893013125 0.763671875 0.289119359375 0.771484375 0.3018558953125
1 0.9072265625 0.1681222703125 0.9111328125 0.170669578125 0.9306640625 0.170669578125 0.9384765625 0.1655749640625 0.947265625 0.15411208125 0.951171875 0.1388282390625 0.94921875 0.1209970890625 0.947265625 0.11590247499999999 0.9384765625 0.1069869 0.9267578125 0.09934497812500001 0.9130859375 0.09934497812500001 0.9033203125 0.10443959218750001 0.896484375 0.11080786093749999 0.892578125 0.1209970890625 0.892578125 0.143922853125 0.89453125 0.151564775 0.9072265625 0.1681222703125
1 0 0.199963609375 0.00390625 0.20760553124999997 0.0166015625 0.224163028125 0.0283203125 0.2318049484375 0.0458984375 0.2318049484375 0.0537109375 0.22925764218750003 0.0615234375 0.224163028125 0.072265625 0.21015283906249999 0.076171875 0.199963609375 0.076171875 0.1744905390625 0.068359375 0.15411208125 0.0595703125 0.1426492 0.0478515625 0.135007278125 0.0302734375 0.135007278125 0.0224609375 0.137554584375 0.0107421875 0.14519650625 0.005859375 0.151564775 0.00390625 0.15665938906250002 0 0.169395925 0 0.199963609375
1 0.0576171875 0.3209606984375 0.0693359375 0.3209606984375 0.0732421875 0.3184133921875 0.080078125 0.30949781718749997 0.0859375 0.29676128125 0.087890625 0.27893013125 0.083984375 0.26364628749999997 0.0732421875 0.24963609843749998 0.0576171875 0.244541484375 0.0537109375 0.244541484375 0.0498046875 0.24708879218750002 0.041015625 0.2585516734375 0.0390625 0.26364628749999997 0.037109375 0.2738355171875 0.037109375 0.286572053125 0.044921875 0.306950509375 0.0576171875 0.3209606984375
1 0.1083984375 0.369359534375 0.1201171875 0.371906840625 0.1318359375 0.3668122265625 0.146484375 0.3477074234375 0.1484375 0.342612809375 0.1484375 0.32478165937500003 0.146484375 0.3171397375 0.1376953125 0.30567685624999996 0.1298828125 0.3005822421875 0.1220703125 0.298034934375 0.1103515625 0.3005822421875 0.1025390625 0.30567685624999996 0.09375 0.3196870453125 0.091796875 0.32732896718750004 0.091796875 0.3477074234375 0.095703125 0.3578966515625 0.1083984375 0.369359534375
1 0.013671875 0.38591703125 0.0283203125 0.40247452656249993 0.0341796875 0.405021834375 0.0419921875 0.405021834375 0.0478515625 0.40247452656249993 0.0576171875 0.39483260625 0.068359375 0.380822415625 0.0703125 0.37572780156249996 0.072265625 0.362991265625 0.068359375 0.3477074234375 0.0634765625 0.3387918484375 0.0478515625 0.32605531249999997 0.0400390625 0.32350800625 0.0302734375 0.32350800625 0.0244140625 0.32605531249999997 0.01171875 0.342612809375 0.009765625 0.35025473125 0.009765625 0.3731804953125 0.01171875 0.380822415625 0.013671875 0.38591703125
1 0.0205078125 0.4737991265625 0.0302734375 0.4737991265625 0.0400390625 0.4687045125 0.05078125 0.4546943234375 0.052734375 0.449599709375 0.052734375 0.434315865625 0.05078125 0.42922125156249996 0.0458984375 0.42285298437499996 0.0341796875 0.4126637546875 0.0224609375 0.4126637546875 0.0087890625 0.42285298437499996 0.00390625 0.431768559375 0.001953125 0.4419577875 0.00390625 0.45978893750000005 0.0107421875 0.4687045125 0.0205078125 0.4737991265625
1 0 0.53366084375 0.001953125 0.5387554578125 0.005859375 0.5463973796875 0.0146484375 0.5553129546875 0.0244140625 0.5629548765625 0.0322265625 0.5655021828125 0.0380859375 0.5629548765625 0.044921875 0.5540393015625 0.05859375 0.5285662296875 0.0625 0.51582969375 0.060546875 0.5081877734375 0.0537109375 0.496724890625 0.0458984375 0.49163027656249997 0.0380859375 0.48908296875 0.0205078125 0.48908296875 0.0068359375 0.496724890625 0.00390625 0.5005458515625001 0 0.5081877734375 0 0.53366084375
1 0.0224609375 0.6521106265625 0.0322265625 0.657205240625 0.0458984375 0.657205240625 0.0498046875 0.6546579328125001 0.060546875 0.64064774375 0.06640625 0.62281659375 0.06640625 0.6100800578125 0.0625 0.5998908296875001 0.0556640625 0.5909752546875 0.0419921875 0.5833333328125 0.0322265625 0.5833333328125 0.0224609375 0.588427946875 0.015625 0.597343521875 0.01171875 0.6075327515625 0.009765625 0.615174671875 0.009765625 0.630458515625 0.01171875 0.6355531296875 0.0224609375 0.6521106265625
1 0.0458984375 0.741266375 0.0556640625 0.748908296875 0.0654296875 0.7514556046875 0.0791015625 0.7438136828124999 0.08203125 0.739992721875 0.08984375 0.7170669578125 0.08984375 0.6992358078125 0.087890625 0.6890465796874999 0.0810546875 0.6801310046875 0.0751953125 0.675036390625 0.0537109375 0.675036390625 0.0458984375 0.6801310046875 0.0390625 0.6890465796874999 0.03515625 0.6992358078125 0.03515625 0.719614265625 0.0390625 0.7323508000000001 0.0458984375 0.741266375
1 0.0673828125 0.8508005828125 0.0751953125 0.8457059687499999 0.083984375 0.8316957781250001 0.08984375 0.8164119359375 0.08984375 0.7909388640625 0.087890625 0.78584425 0.0810546875 0.7743813687500001 0.0751953125 0.7692867546875 0.0693359375 0.7667394468750001 0.0517578125 0.7667394468750001 0.0478515625 0.7692867546875 0.04296875 0.775655021875 0.037109375 0.8342430859375 0.0458984375 0.8457059687499999 0.0576171875 0.8508005828125 0.0673828125 0.8508005828125
1 0.15625 0.9794395921874999 0.1689453125 0.9959970890625 0.1728515625 0.9985443953124999 0.2197265625 0.9985443953124999 0.224609375 0.9921761281249999 0.2265625 0.9870815140625 0.2265625 0.9565138281250001 0.224609375 0.9463246 0.21484375 0.9183042218749999 0.2060546875 0.9068413390625001 0.2001953125 0.901746725 0.1865234375 0.8966521109375 0.1787109375 0.8966521109375 0.1708984375 0.8991994171875 0.1630859375 0.9042940312500001 0.15234375 0.9183042218749999 0.1484375 0.9259461421875 0.146484375 0.9335880640625 0.146484375 0.9514192140625 0.1484375 0.9616084421875 0.15625 0.9794395921874999
1 0.2763671875 0.9985443953124999 0.2919921875 0.9985443953124999 0.2998046875 0.9959970890625 0.3125 0.98453420625 0.318359375 0.9692503640625001 0.3203125 0.9565138281250001 0.3203125 0.9437772921875001 0.318359375 0.936135371875 0.314453125 0.9259461421875 0.3076171875 0.9170305671874999 0.3037109375 0.9144832609375 0.2958984375 0.911935953125 0.2880859375 0.911935953125 0.2783203125 0.9144832609375 0.2705078125 0.9195778750000001 0.26171875 0.93104075625 0.2578125 0.9386826781250001 0.255859375 0.9463246 0.25390625 0.9717976703125 0.2578125 0.98453420625 0.2685546875 0.9959970890625 0.2763671875 0.9985443953124999
1 0.2861328125 0.8915574968750001 0.2939453125 0.8966521109375 0.3076171875 0.8991994171875 0.3173828125 0.8941048031250001 0.32421875 0.885189228125 0.330078125 0.8724526921875 0.33203125 0.8597161578125 0.330078125 0.846979621875 0.326171875 0.83679039375 0.3154296875 0.822780203125 0.3095703125 0.8202328968750001 0.2978515625 0.8202328968750001 0.2919921875 0.822780203125 0.27734375 0.8418850078125001 0.275390625 0.846979621875 0.275390625 0.8724526921875 0.279296875 0.8826419218750001 0.2861328125 0.8915574968750001
1 0.2392578125 0.8304221249999999 0.2470703125 0.8355167390625 0.2568359375 0.8355167390625 0.2685546875 0.8304221249999999 0.283203125 0.8113173218749999 0.28515625 0.8062227078124999 0.28515625 0.7883915578125 0.28125 0.7782023296875 0.2724609375 0.7667394468750001 0.2685546875 0.7641921390624999 0.2626953125 0.7616448328125001 0.2490234375 0.7616448328125001 0.2412109375 0.7667394468750001 0.232421875 0.7782023296875 0.228515625 0.7883915578125 0.228515625 0.8087700140624999 0.232421875 0.82150655 0.2392578125 0.8304221249999999
1 0.2626953125 0.1681222703125 0.2705078125 0.173216884375 0.2783203125 0.1757641921875 0.2900390625 0.170669578125 0.294921875 0.164301309375 0.296875 0.1592066953125 0.296875 0.1388282390625 0.294921875 0.133733625 0.2841796875 0.11972343593749998 0.2763671875 0.11462882031249999 0.2626953125 0.11462882031249999 0.2587890625 0.117176128125 0.251953125 0.126091703125 0.25 0.1311863171875 0.25 0.14647015937500002 0.25390625 0.15665938906250002 0.2626953125 0.1681222703125
1 0.1748046875 0.1681222703125 0.1943359375 0.1681222703125 0.205078125 0.15411208125 0.208984375 0.143922853125 0.212890625 0.1311863171875 0.212890625 0.11080786093749999 0.2060546875 0.1018922859375 0.2021484375 0.09934497812500001 0.1845703125 0.09934497812500001 0.1748046875 0.10443959218750001 0.1669921875 0.1120815140625 0.16015625 0.12354439531250001 0.158203125 0.14137554531250002 0.162109375 0.15411208125 0.1708984375 0.1655749640625 0.1748046875 0.1681222703125
1 0.1572265625 0.07387190625 0.1708984375 0.08151382812499999 0.1806640625 0.08151382812499999 0.1884765625 0.078966521875 0.1953125 0.07005094687499999 0.19921875 0.059861717187499996 0.19921875 0.047125181249999995 0.197265625 0.0420305671875 0.1845703125 0.025473071874999996 0.1767578125 0.0203784578125 0.1650390625 0.0203784578125 0.1611328125 0.0229257640625 0.146484375 0.0420305671875 0.146484375 0.05476710312500001 0.150390625 0.06495633125 0.1572265625 0.07387190625
1 0.3583984375 0 0.3466796875 0.0050946140625 0.34375 0.008915575 0.34375 0.0241994171875 0.345703125 0.0318413390625 0.34765625 0.036935953125 0.3525390625 0.043304221875 0.3623046875 0.0509461421875 0.3798828125 0.0509461421875 0.3876953125 0.045851528125 0.392578125 0.0394832609375 0.396484375 0.02929403125 0.396484375 0.0114628828125 0.39453125 0.0063682671875 0.3876953125 0 0.3583984375 0
1 0.0966796875 0 0.095703125 0.001273653125 0.095703125 0.0114628828125 0.099609375 0.0216521109375 0.1064453125 0.0305676859375 0.1162109375 0.03820960625 0.1240234375 0.03820960625 0.1279296875 0.0356623 0.13671875 0.0241994171875 0.140625 0.014010189062500001 0.140625 0.001273653125 0.1396484375 0 0.0966796875 0
1 0.0986328125 1 0.11328125 0.9972707421875 0.11328125 0.9794395921874999 0.111328125 0.974344978125 0.1044921875 0.965429403125 0.0888671875 0.965429403125 0.0849609375 0.9679767109374999 0.076171875 0.9794395921874999 0.07421875 0.98453420625 0.07421875 0.9947234359375001 0.0771484375 0.9985443953124999 0.0986328125 1
1 0.4228515625 0.911935953125 0.4365234375 0.911935953125 0.4423828125 0.909388646875 0.4482421875 0.9042940312500001 0.45703125 0.8928311499999999 0.4609375 0.8800946140624999 0.4609375 0.8622634640625 0.458984375 0.8571688500000001 0.4482421875 0.8431586609374999 0.4423828125 0.840611353125 0.4248046875 0.840611353125 0.41015625 0.8520742359375 0.404296875 0.8673580781249999 0.404296875 0.8877365359375 0.4130859375 0.9068413390625001 0.4228515625 0.911935953125
1 0.5322265625 0.9195778750000001 0.5361328125 0.92212518125 0.5556640625 0.92212518125 0.5595703125 0.9195778750000001 0.572265625 0.903020378125 0.57421875 0.8979257640625 0.57421875 0.875 0.572265625 0.8673580781249999 0.568359375 0.8597161578125 0.5615234375 0.8508005828125 0.5517578125 0.8457059687499999 0.5380859375 0.8457059687499999 0.5322265625 0.848253275 0.521484375 0.8597161578125 0.517578125 0.8699053859375001 0.517578125 0.8928311499999999 0.521484375 0.9055676859374999 0.5322265625 0.9195778750000001
1 0.4677734375 0.9985443953124999 0.5126953125 0.9985443953124999 0.51953125 0.9921761281249999 0.5234375 0.9819869000000001 0.5234375 0.96415575 0.521484375 0.9565138281250001 0.515625 0.9437772921875001 0.5068359375 0.9323144109375001 0.4990234375 0.927219796875 0.4814453125 0.927219796875 0.4716796875 0.9323144109375001 0.462890625 0.9437772921875001 0.458984375 0.9539665218750001 0.458984375 0.9768922859375 0.46484375 0.9947234359375001 0.4677734375 0.9985443953124999
1 0.5927734375 0.9858078609375 0.6005859375 0.9909024750000001 0.6103515625 0.99344978125 0.6220703125 0.9909024750000001 0.6298828125 0.9858078609375 0.642578125 0.9692503640625001 0.646484375 0.9565138281250001 0.646484375 0.9335880640625 0.640625 0.9183042218749999 0.6318359375 0.9068413390625001 0.6181640625 0.8991994171875 0.6103515625 0.8991994171875 0.5908203125 0.909388646875 0.58203125 0.9233988359374999 0.578125 0.9335880640625 0.578125 0.9565138281250001 0.583984375 0.974344978125 0.5927734375 0.9858078609375
1 0.7119140625 0.9985443953124999 0.712890625 0.9972707421875 0.712890625 0.9896288203125 0.7109375 0.9819869000000001 0.6943359375 0.9603347890625 0.6904296875 0.9577874812499999 0.6787109375 0.9577874812499999 0.6611328125 0.965429403125 0.65234375 0.9768922859375 0.6484375 0.9870815140625 0.6484375 0.9972707421875 0.6494140625 0.9985443953124999 0.7119140625 0.9985443953124999
1 0.6279296875 0.8304221249999999 0.6376953125 0.8355167390625 0.6494140625 0.8355167390625 0.6552734375 0.8329694328125001 0.6611328125 0.82787481875 0.66796875 0.81895924375 0.673828125 0.80112809375 0.673828125 0.7883915578125 0.669921875 0.7782023296875 0.6630859375 0.7692867546875 0.6494140625 0.7616448328125001 0.6416015625 0.7616448328125001 0.6337890625 0.7641921390624999 0.6279296875 0.7692867546875 0.619140625 0.7807496359375 0.6171875 0.7883915578125 0.6171875 0.8113173218749999 0.62109375 0.82150655 0.6279296875 0.8304221249999999
1 0.5673828125 0.82787481875 0.5732421875 0.8304221249999999 0.5830078125 0.8304221249999999 0.5888671875 0.82787481875 0.603515625 0.8062227078124999 0.60546875 0.7985807859375 0.607421875 0.78584425 0.607421875 0.775655021875 0.6015625 0.757823871875 0.5908203125 0.7463609890625 0.5849609375 0.7438136828124999 0.5712890625 0.7438136828124999 0.560546875 0.7552765640625 0.55078125 0.7807496359375 0.55078125 0.7934861718749999 0.55859375 0.81895924375 0.5673828125 0.82787481875
1 0.7919921875 0.8431586609374999 0.7998046875 0.848253275 0.8154296875 0.848253275 0.8271484375 0.8431586609374999 0.837890625 0.8291484718750001 0.841796875 0.81895924375 0.841796875 0.7985807859375 0.83984375 0.7934861718749999 0.8271484375 0.776928675 0.8173828125 0.7692867546875 0.8115234375 0.7667394468750001 0.8037109375 0.7667394468750001 0.7958984375 0.7692867546875 0.7900390625 0.7718340609375 0.779296875 0.78584425 0.77734375 0.7909388640625 0.77734375 0.82150655 0.779296875 0.8266011640625001 0.7919921875 0.8431586609374999
1 0.8857421875 0.7973071328125 0.8955078125 0.802401746875 0.9052734375 0.802401746875 0.9150390625 0.7973071328125 0.927734375 0.7807496359375 0.9296875 0.7731077140625 0.9296875 0.74763464375 0.92578125 0.737445415625 0.9169921875 0.7259825328125 0.9111328125 0.723435225 0.8974609375 0.723435225 0.8896484375 0.7259825328125 0.8818359375 0.7310771468749999 0.875 0.7425400296875 0.87109375 0.7527292578125 0.87109375 0.7705604078125 0.87890625 0.7883915578125 0.8857421875 0.7973071328125
1 0.9384765625 0.9985443953124999 0.939453125 0.9972707421875 0.94140625 0.9896288203125 0.94140625 0.96415575 0.9375 0.9514192140625 0.93359375 0.9437772921875001 0.9208984375 0.9323144109375001 0.9072265625 0.927219796875 0.8916015625 0.927219796875 0.8779296875 0.9323144109375001 0.87109375 0.9412299859375001 0.86328125 0.9590611359375 0.861328125 0.9667030562500001 0.861328125 0.9896288203125 0.8642578125 0.9985443953124999 0.9384765625 0.9985443953124999
1 1 0.6941411937499999 0.9951171875 0.687772925 0.9873046875 0.68522561875 0.9677734375 0.68522561875 0.9541015625 0.695414846875 0.951171875 0.701783115625 0.94921875 0.7094250359375 0.951171875 0.7247088796875001 0.955078125 0.737445415625 0.9619140625 0.7438136828124999 0.9677734375 0.7463609890625 0.9775390625 0.7463609890625 0.9912109375 0.73871906875 1 0.7272561859375 1 0.6941411937499999
1 1 0.597343521875 0.9970703125 0.5935225625 0.9892578125 0.588427946875 0.9697265625 0.588427946875 0.9638671875 0.5909752546875 0.9580078125 0.59606986875 0.94921875 0.6100800578125 0.947265625 0.6177219796875 0.947265625 0.630458515625 0.94921875 0.6381004359375 0.955078125 0.650836971875 0.9638671875 0.6622998546875001 0.9716796875 0.66739446875 0.9873046875 0.66739446875 0.9931640625 0.6648471609375 1 0.65847889375 1 0.597343521875
2 0.5791015625 0.4330422125 0.5849609375 0.4381368265625 0.5888671875 0.440684134375 0.6142578125 0.4483260546875 0.6240234375 0.4483260546875 0.6337890625 0.44577874843750004 0.6396484375 0.443231440625 0.6572265625 0.43049490468749996 0.67578125 0.4012008734375 0.681640625 0.380822415625 0.681640625 0.3706331875 0.677734375 0.3451601171875 0.6630859375 0.32350800625 0.6572265625 0.3184133921875 0.6474609375 0.31331877656249996 0.6142578125 0.31331877656249996 0.6064453125 0.31586608437499997 0.5986328125 0.3209606984375 0.5849609375 0.333697234375 0.5703125 0.35025473125 0.56640625 0.3578966515625 0.564453125 0.36808588124999997 0.560546875 0.396106259375 0.5625 0.40884279531249995 0.56640625 0.41648471562499995 0.5791015625 0.4330422125