1 0.1953125 0.5081877734375 0.2080078125 0.52474526875 0.2119140625 0.5272925765625 0.2275390625 0.5272925765625 0.2392578125 0.5196506546874999 0.24609375 0.5107350796875 0.251953125 0.49545123750000003 0.255859375 0.47762008749999996 0.255859375 0.4623362453125 0.25390625 0.449599709375 0.248046875 0.431768559375 0.2431640625 0.425400290625 0.2294921875 0.41521106249999995 0.2236328125 0.4126637546875 0.2177734375 0.4126637546875 0.2080078125 0.4177583703125 0.1953125 0.434315865625 0.19140625 0.44705240156250003 0.189453125 0.4623362453125 0.189453125 0.49290392968749996 0.19140625 0.5005458515625001 0.1953125 0.5081877734375
1 0.3427734375 0.4355895203125 0.3486328125 0.440684134375 0.3623046875 0.4483260546875 0.3779296875 0.4483260546875 0.3896484375 0.440684134375 0.400390625 0.4241266375 0.40625 0.40374818125 0.404296875 0.3884643375 0.400390625 0.37572780156249996 0.3896484375 0.3617176125 0.3818359375 0.3566229984375 0.3740234375 0.3540756921875 0.3623046875 0.3540756921875 0.3544921875 0.3566229984375 0.3466796875 0.3617176125 0.33984375 0.3706331875 0.333984375 0.38336972343750003 0.33203125 0.3910116453125 0.33203125 0.413937409375 0.333984375 0.4215793296875 0.3427734375 0.4355895203125
1 0.41015625 0.4827147015625 0.4150390625 0.48908296875 0.4248046875 0.496724890625 0.4384765625 0.496724890625 0.4541015625 0.4839883546875 0.4609375 0.4750727796875 0.466796875 0.45978893750000005 0.466796875 0.434315865625 0.46484375 0.42922125156249996 0.4541015625 0.41521106249999995 0.4482421875 0.4126637546875 0.4365234375 0.4126637546875 0.4287109375 0.41521106249999995 0.4228515625 0.4203056765625 0.412109375 0.434315865625 0.408203125 0.44450509531250004 0.40625 0.4546943234375 0.40625 0.469978165625 0.408203125 0.47762008749999996 0.41015625 0.4827147015625
1 0.396484375 0.5718704515625 0.4052734375 0.5833333328125 0.4111328125 0.585880640625 0.4267578125 0.585880640625 0.4296875 0.5820596796874999 0.435546875 0.5642285296875 0.435546875 0.5260189234375 0.43359375 0.5183770015625 0.4296875 0.5107350796875 0.4228515625 0.5018195046875 0.4150390625 0.5018195046875 0.4052734375 0.5069141187499999 0.39453125 0.5209243078125 0.392578125 0.5260189234375 0.390625 0.53366084375 0.390625 0.5565866078124999 0.392578125 0.5642285296875 0.396484375 0.5718704515625
1 0.4794921875 0.588427946875 0.4833984375 0.5909752546875 0.4892578125 0.5935225625 0.5048828125 0.5935225625 0.5205078125 0.5807860265625 0.52734375 0.5667758375 0.52734375 0.5362081515625 0.525390625 0.5311135375 0.5166015625 0.5196506546874999 0.5126953125 0.5171033484375 0.5009765625 0.5171033484375 0.4794921875 0.5221979625000001 0.470703125 0.5387554578125 0.46875 0.5463973796875 0.46875 0.5693231437499999 0.47265625 0.579512371875 0.4794921875 0.588427946875
1 0.4658203125 0.3922852984375 0.4736328125 0.39737991250000004 0.4814453125 0.3999272203125 0.4892578125 0.3999272203125 0.4990234375 0.39737991250000004 0.5029296875 0.39483260625 0.51171875 0.380822415625 0.513671875 0.3706331875 0.513671875 0.3477074234375 0.509765625 0.3375181953125 0.5029296875 0.3286026203125 0.4951171875 0.32350800625 0.4775390625 0.32350800625 0.4697265625 0.3286026203125 0.4609375 0.3400655015625 0.455078125 0.3528020375 0.453125 0.360443959375 0.453125 0.3731804953125 0.45703125 0.38336972343750003 0.4658203125 0.3922852984375
1 0.2451171875 0.3540756921875 0.2548828125 0.35917030625 0.2685546875 0.35917030625 0.2763671875 0.3540756921875 0.287109375 0.3400655015625 0.291015625 0.32732896718750004 0.291015625 0.306950509375 0.283203125 0.286572053125 0.2763671875 0.277656478125 0.2666015625 0.27510917031250004 0.2568359375 0.27510917031250004 0.2490234375 0.277656478125 0.2421875 0.2840247453125 0.234375 0.3018558953125 0.232421875 0.30949781718749997 0.232421875 0.33497088750000004 0.234375 0.3400655015625 0.2451171875 0.3540756921875
1 0.234375 0.3400655015625 0.2451171875 0.3540756921875 0.2490234375 0.3566229984375 0.2548828125 0.35917030625 0.2685546875 0.35917030625 0.2744140625 0.3566229984375 0.2783203125 0.3540756921875 0.287109375 0.342612809375 0.291015625 0.3298762734375 0.294921875 0.25345705937499996 0.29296875 0.235625909375 0.2890625 0.2279839890625 0.2802734375 0.21652110625 0.2763671875 0.2139737984375 0.2705078125 0.21142649218749998 0.2548828125 0.21142649218749998 0.2412109375 0.2216157203125 0.232421875 0.2381732171875 0.23046875 0.2458151390625 0.23046875 0.32732896718750004 0.232421875 0.33497088750000004 0.234375 0.3400655015625
1 0.1748046875 0.3005822421875 0.1787109375 0.3031295484375 0.1904296875 0.3082241625 0.1982421875 0.3082241625 0.2060546875 0.30567685624999996 0.2099609375 0.3031295484375 0.21484375 0.29676128125 0.220703125 0.2814774375 0.220703125 0.26364628749999997 0.21875 0.25345705937499996 0.2080078125 0.23944687031249998 0.2041015625 0.2368995640625 0.1982421875 0.23435225625 0.1904296875 0.23435225625 0.1845703125 0.2368995640625 0.1767578125 0.241994178125 0.166015625 0.25600436718749997 0.1640625 0.26364628749999997 0.1640625 0.2814774375 0.16796875 0.2916666671875 0.1748046875 0.3005822421875
1 0.0419921875 0.30567685624999996 0.0517578125 0.3107714703125 0.0654296875 0.3107714703125 0.0732421875 0.30567685624999996 0.08203125 0.2916666671875 0.0859375 0.27893013125 0.0859375 0.26109898125000003 0.083984375 0.25345705937499996 0.0732421875 0.23944687031249998 0.0654296875 0.23435225625 0.0517578125 0.2318049484375 0.0439453125 0.23435225625 0.0380859375 0.23944687031249998 0.03125 0.2483624453125 0.029296875 0.25345705937499996 0.02734375 0.26109898125000003 0.02734375 0.27893013125 0.03125 0.2916666671875 0.0419921875 0.30567685624999996
1 0.0341796875 0.4355895203125 0.0439453125 0.440684134375 0.0576171875 0.440684134375 0.0654296875 0.4355895203125 0.07421875 0.4215793296875 0.078125 0.40884279531249995 0.078125 0.3935589515625 0.076171875 0.38591703125 0.072265625 0.378275109375 0.0693359375 0.3744541484375 0.0556640625 0.3668122265625 0.0478515625 0.3668122265625 0.0400390625 0.369359534375 0.03125 0.378275109375 0.021484375 0.3935589515625 0.021484375 0.413937409375 0.025390625 0.4241266375 0.0341796875 0.4355895203125
1 0.0791015625 0.5756914125 0.0849609375 0.5807860265625 0.1044921875 0.5807860265625 0.115234375 0.5693231437499999 0.119140625 0.5540393015625 0.119140625 0.523471615625 0.11328125 0.5107350796875 0.1005859375 0.496724890625 0.0947265625 0.49417758437500003 0.0888671875 0.49417758437500003 0.0771484375 0.4992721984375 0.0703125 0.505640465625 0.064453125 0.5183770015625 0.0625 0.5285662296875 0.0625 0.5463973796875 0.064453125 0.5540393015625 0.0791015625 0.5756914125
1 0.0556640625 0.6521106265625 0.0654296875 0.659752546875 0.0712890625 0.6622998546875001 0.0869140625 0.6622998546875001 0.0947265625 0.657205240625 0.1015625 0.648289665625 0.107421875 0.6355531296875 0.107421875 0.6126273656250001 0.1015625 0.5998908296875001 0.0927734375 0.588427946875 0.0888671875 0.585880640625 0.0712890625 0.585880640625 0.0654296875 0.588427946875 0.0556640625 0.59606986875 0.048828125 0.60498544375 0.046875 0.6100800578125 0.046875 0.633005821875 0.048828125 0.64064774375 0.0556640625 0.6521106265625
1 0.1611328125 0.68522561875 0.1689453125 0.68522561875 0.1884765625 0.6724890828125 0.1962890625 0.6648471609375 0.201171875 0.6559315859375 0.201171875 0.648289665625 0.19921875 0.6431950515625 0.1923828125 0.6342794765625 0.1787109375 0.6291848609375 0.1708984375 0.6291848609375 0.1630859375 0.6317321687499999 0.154296875 0.6431950515625 0.15234375 0.648289665625 0.150390625 0.6559315859375 0.150390625 0.6635735078125 0.154296875 0.67631004375 0.1611328125 0.68522561875
1 0.1884765625 0.7896652109375 0.1923828125 0.79221251875 0.2001953125 0.7947598250000001 0.2138671875 0.7947598250000001 0.2216796875 0.79221251875 0.2314453125 0.784570596875 0.236328125 0.7782023296875 0.2421875 0.7629184859375 0.2421875 0.7425400296875 0.240234375 0.7348981078125 0.2353515625 0.7259825328125 0.2216796875 0.7157933046875 0.2041015625 0.7157933046875 0.1962890625 0.7183406109375 0.1865234375 0.7259825328125 0.17578125 0.739992721875 0.173828125 0.7450873359375 0.173828125 0.76546579375 0.17578125 0.7731077140625 0.1884765625 0.7896652109375
1 1 0.0114628828125 0.9990234375 0.010189228125 0.9052734375 0.0050946140625 0.0009765625 0.0050946140625 0 0.0063682671875 0 0.8800946140624999 0.001953125 0.98453420625 0.0048828125 0.9883551671875 0.0205078125 0.9909024750000001 0.6416015625 0.9959970890625 0.9912109375 0.9959970890625 1 0.9921761281249999 1 0.0114628828125
1 0.044921875 0.83679039375 0.0576171875 0.8533478890625 0.0654296875 0.8584425031249999 0.0849609375 0.8584425031249999 0.0888671875 0.8558951968749999 0.1015625 0.8393377 0.107421875 0.8266011640625001 0.109375 0.813864628125 0.109375 0.7934861718749999 0.10546875 0.78329694375 0.0986328125 0.7743813687500001 0.0908203125 0.7692867546875 0.0849609375 0.7667394468750001 0.0712890625 0.7692867546875 0.0537109375 0.7820232890625001 0.04296875 0.7985807859375 0.041015625 0.8062227078124999 0.041015625 0.8240538578125 0.04296875 0.8316957781250001 0.044921875 0.83679039375
1 0.013671875 0.7527292578125 0.0263671875 0.7667394468750001 0.0341796875 0.7718340609375 0.0478515625 0.7718340609375 0.0517578125 0.7692867546875 0.060546875 0.7552765640625 0.06640625 0.739992721875 0.06640625 0.722161571875 0.0625 0.7119723437500001 0.0556640625 0.70305676875 0.0439453125 0.695414846875 0.0302734375 0.695414846875 0.0224609375 0.6979621546875 0.0185546875 0.7005094609375 0.01171875 0.7094250359375 0.009765625 0.71451965 0.0078125 0.722161571875 0.0078125 0.7323508000000001 0.009765625 0.7425400296875 0.013671875 0.7527292578125
1 0.1455078125 0.9832605531249999 0.1611328125 0.9909024750000001 0.1708984375 0.9909024750000001 0.1806640625 0.9883551671875 0.1884765625 0.9832605531249999 0.1953125 0.974344978125 0.19921875 0.96415575 0.19921875 0.9386826781250001 0.193359375 0.9208515281249999 0.1826171875 0.909388646875 0.1708984375 0.9042940312500001 0.1552734375 0.9042940312500001 0.1494140625 0.9068413390625001 0.1396484375 0.9144832609375 0.1328125 0.9233988359374999 0.12890625 0.9335880640625 0.12890625 0.9590611359375 0.1328125 0.9692503640625001 0.1455078125 0.9832605531249999
1 0.3037109375 0.8788209609375001 0.3076171875 0.8813682671875 0.3251953125 0.8813682671875 0.3330078125 0.876273653125 0.34375 0.8622634640625 0.345703125 0.8571688500000001 0.345703125 0.82150655 0.34375 0.813864628125 0.3291015625 0.7998544390625 0.3212890625 0.7973071328125 0.3076171875 0.8049490531249999 0.298828125 0.8164119359375 0.29296875 0.8316957781250001 0.291015625 0.846979621875 0.29296875 0.8597161578125 0.296875 0.8699053859375001 0.3037109375 0.8788209609375001
1 0.3310546875 0.9985443953124999 0.3857421875 0.9985443953124999 0.390625 0.9921761281249999 0.39453125 0.9819869000000001 0.396484375 0.9717976703125 0.396484375 0.9616084421875 0.39453125 0.94887190625 0.38671875 0.92849345 0.3837890625 0.9246724890625 0.3759765625 0.9195778750000001 0.3583984375 0.9195778750000001 0.3486328125 0.9246724890625 0.3359375 0.9386826781250001 0.328125 0.9565138281250001 0.326171875 0.96415575 0.326171875 0.98453420625 0.328125 0.9947234359375001 0.3310546875 0.9985443953124999
1 0.3779296875 0.9170305671874999 0.3935546875 0.927219796875 0.4033203125 0.9246724890625 0.4111328125 0.9195778750000001 0.419921875 0.9081149921874999 0.421875 0.900473071875 0.421875 0.8877365359375 0.419921875 0.8800946140624999 0.41796875 0.875 0.4052734375 0.8609898109375 0.3974609375 0.8584425031249999 0.3876953125 0.8609898109375 0.3798828125 0.866084425 0.37109375 0.875 0.3671875 0.885189228125 0.369140625 0.903020378125 0.37109375 0.9081149921874999 0.3779296875 0.9170305671874999
1 0.64453125 0.6737627359375 0.6494140625 0.6801310046875 0.6572265625 0.68522561875 0.6728515625 0.68522561875 0.6787109375 0.6826783109375001 0.6826171875 0.6801310046875 0.69140625 0.668668121875 0.6953125 0.6610262015624999 0.697265625 0.6533842796875 0.697265625 0.630458515625 0.693359375 0.6202692875 0.6806640625 0.603711790625 0.6767578125 0.6011644828125 0.6708984375 0.5986171765625 0.6630859375 0.5986171765625 0.6572265625 0.6011644828125 0.6494140625 0.606259096875 0.642578125 0.615174671875 0.638671875 0.6253639015625 0.63671875 0.633005821875 0.63671875 0.6533842796875 0.638671875 0.6610262015624999 0.64453125 0.6737627359375
1 0.6845703125 0.784570596875 0.6962890625 0.7947598250000001 0.7138671875 0.7947598250000001 0.724609375 0.78329694375 0.728515625 0.7731077140625 0.73046875 0.7629184859375 0.73046875 0.75018195 0.72265625 0.7272561859375 0.7177734375 0.72088791875 0.7080078125 0.7157933046875 0.6904296875 0.7157933046875 0.6826171875 0.72088791875 0.67578125 0.72980349375 0.673828125 0.737445415625 0.673828125 0.757823871875 0.6796875 0.775655021875 0.6845703125 0.784570596875
1 0.6357421875 0.5731441046875 0.6533203125 0.5833333328125 0.6650390625 0.5833333328125 0.6787109375 0.5756914125 0.68359375 0.5693231437499999 0.68359375 0.5540393015625 0.673828125 0.5260189234375 0.66796875 0.51582969375 0.6533203125 0.496724890625 0.6494140625 0.496724890625 0.6396484375 0.5043668125 0.630859375 0.51582969375 0.62890625 0.5209243078125 0.626953125 0.5285662296875 0.626953125 0.5565866078124999 0.630859375 0.5667758375 0.6357421875 0.5731441046875
1 0.6875 0.5616812234374999 0.6962890625 0.5756914125 0.7001953125 0.57823871875 0.7158203125 0.57823871875 0.7236328125 0.5731441046875 0.732421875 0.5616812234374999 0.736328125 0.5463973796875 0.736328125 0.5362081515625 0.734375 0.5285662296875 0.7177734375 0.5069141187499999 0.7119140625 0.5043668125 0.6962890625 0.5043668125 0.6875 0.51582969375 0.685546875 0.5209243078125 0.68359375 0.5311135375 0.68359375 0.5438500734375 0.685546875 0.5540393015625 0.6875 0.5616812234374999
1 0.6650390625 0.5094614265625 0.6689453125 0.5120087343749999 0.6865234375 0.5120087343749999 0.6904296875 0.5094614265625 0.69921875 0.49799854374999997 0.703125 0.4827147015625 0.703125 0.47252547343750007 0.697265625 0.4546943234375 0.6884765625 0.443231440625 0.6748046875 0.4381368265625 0.6611328125 0.443231440625 0.65234375 0.4546943234375 0.6484375 0.467430859375 0.6484375 0.4827147015625 0.650390625 0.49035662343749997 0.6650390625 0.5094614265625
1 0.5498046875 0.19868995625000002 0.5537109375 0.20123726406250003 0.5712890625 0.20123726406250003 0.5751953125 0.19868995625000002 0.587890625 0.182132459375 0.58984375 0.1770378453125 0.58984375 0.1668486171875 0.5859375 0.15411208125 0.583984375 0.1490174671875 0.5732421875 0.135007278125 0.5693359375 0.1324599703125 0.5576171875 0.1299126640625 0.5458984375 0.135007278125 0.5390625 0.143922853125 0.53515625 0.151564775 0.53515625 0.1770378453125 0.537109375 0.182132459375 0.5498046875 0.19868995625000002
1 0.3779296875 0.16048035 0.3857421875 0.1655749640625 0.3916015625 0.1681222703125 0.4111328125 0.1681222703125 0.4189453125 0.16302765624999999 0.42578125 0.15411208125 0.431640625 0.1388282390625 0.431640625 0.11844978125000001 0.427734375 0.1031659390625 0.4169921875 0.08915575 0.4111328125 0.0840611359375 0.4052734375 0.08151382812499999 0.3837890625 0.08151382812499999 0.3759765625 0.0866084421875 0.369140625 0.0955240171875 0.36328125 0.108260553125 0.361328125 0.11844978125000001 0.361328125 0.12863901093750002 0.365234375 0.14137554531250002 0.3779296875 0.16048035
1 0.6162109375 0.3668122265625 0.6240234375 0.369359534375 0.6337890625 0.369359534375 0.6435546875 0.3642649203125 0.6484375 0.3578966515625 0.65625 0.3375181953125 0.65625 0.3298762734375 0.65234375 0.3171397375 0.6396484375 0.3005822421875 0.6298828125 0.29548762812499996 0.6240234375 0.29548762812499996 0.6142578125 0.3005822421875 0.60546875 0.3120451234375 0.6015625 0.3222343515625 0.599609375 0.3298762734375 0.603515625 0.3553493453125 0.6083984375 0.3617176125 0.6162109375 0.3668122265625
1 0.66015625 0.4113901015625 0.6708984375 0.425400290625 0.6748046875 0.42794759843749997 0.6865234375 0.4330422125 0.7001953125 0.4330422125 0.7041015625 0.43049490468749996 0.712890625 0.41648471562499995 0.716796875 0.40374818125 0.716796875 0.378275109375 0.7109375 0.3578966515625 0.7041015625 0.3489810765625 0.6923828125 0.3387918484375 0.6865234375 0.3362445421875 0.6708984375 0.3362445421875 0.6572265625 0.3438864625 0.654296875 0.3477074234375 0.650390625 0.3578966515625 0.650390625 0.38591703125 0.65234375 0.3935589515625 0.66015625 0.4113901015625
1 0.71484375 0.3298762734375 0.7236328125 0.34133915625 0.7314453125 0.3489810765625 0.7431640625 0.3566229984375 0.7529296875 0.3566229984375 0.7626953125 0.3489810765625 0.767578125 0.342612809375 0.771484375 0.3298762734375 0.76953125 0.31459243125 0.75390625 0.27893013125 0.7451171875 0.26746724843749997 0.7392578125 0.262372634375 0.7333984375 0.259825328125 0.7255859375 0.259825328125 0.7177734375 0.26491994218750003 0.70703125 0.2814774375 0.705078125 0.289119359375 0.705078125 0.29676128125 0.708984375 0.31459243125 0.71484375 0.3298762734375
1 0.5927734375 0.259825328125 0.6005859375 0.26491994218750003 0.6162109375 0.26491994218750003 0.6240234375 0.259825328125 0.62890625 0.25345705937499996 0.6328125 0.24326783125 0.6328125 0.2228893734375 0.626953125 0.20505822343750002 0.6201171875 0.1961426484375 0.6123046875 0.191048034375 0.5986328125 0.191048034375 0.5869140625 0.20123726406250003 0.58203125 0.21015283906249999 0.580078125 0.21779475937499998 0.580078125 0.235625909375 0.583984375 0.2483624453125 0.5927734375 0.259825328125
1 0.74609375 0.187227075 0.7529296875 0.1961426484375 0.7607421875 0.20123726406250003 0.7802734375 0.20123726406250003 0.7880859375 0.1961426484375 0.796875 0.182132459375 0.798828125 0.1744905390625 0.798828125 0.1592066953125 0.794921875 0.1490174671875 0.7880859375 0.1401018921875 0.7783203125 0.1324599703125 0.7724609375 0.1299126640625 0.7626953125 0.1299126640625 0.7548828125 0.135007278125 0.74609375 0.14647015937500002 0.744140625 0.151564775 0.7421875 0.1592066953125 0.7421875 0.17194323125 0.744140625 0.182132459375 0.74609375 0.187227075
1 0.6318359375 0.09170305625 0.6357421875 0.09425036406250001 0.6416015625 0.0967976703125 0.6552734375 0.0967976703125 0.6669921875 0.08915575 0.67578125 0.0751455609375 0.677734375 0.0675036390625 0.67578125 0.052219796875 0.669921875 0.036935953125 0.6591796875 0.0229257640625 0.6533203125 0.0203784578125 0.6435546875 0.0203784578125 0.6279296875 0.0331149921875 0.623046875 0.0420305671875 0.62109375 0.047125181249999995 0.62109375 0.0751455609375 0.623046875 0.080240175 0.6318359375 0.09170305625
1 0.4560546875 0.0840611359375 0.4677734375 0.09170305625 0.4755859375 0.09170305625 0.4833984375 0.0866084421875 0.498046875 0.0675036390625 0.505859375 0.052219796875 0.505859375 0.0420305671875 0.498046875 0.026746725 0.4853515625 0.01783115 0.4716796875 0.01783115 0.4638671875 0.0229257640625 0.45703125 0.0318413390625 0.44921875 0.047125181249999995 0.447265625 0.05476710312500001 0.447265625 0.06495633125 0.453125 0.080240175 0.4560546875 0.0840611359375
1 0.0361328125 0.170669578125 0.0419921875 0.1757641921875 0.0654296875 0.1757641921875 0.0693359375 0.173216884375 0.076171875 0.164301309375 0.08203125 0.1490174671875 0.083984375 0.13628093125000001 0.08203125 0.12863901093750002 0.0712890625 0.11462882031249999 0.0673828125 0.1120815140625 0.0478515625 0.1120815140625 0.0400390625 0.117176128125 0.03515625 0.12354439531250001 0.029296875 0.1388282390625 0.029296875 0.15665938906250002 0.03125 0.164301309375 0.0361328125 0.170669578125
1 0.0732421875 0 0.068359375 0.0063682671875 0.068359375 0.0318413390625 0.076171875 0.049672489062500005 0.0810546875 0.056040756250000004 0.0927734375 0.063682678125 0.1103515625 0.063682678125 0.1142578125 0.061135371875 0.126953125 0.0394832609375 0.12890625 0.0318413390625 0.12890625 0.014010189062500001 0.126953125 0.0063682671875 0.1220703125 0 0.0732421875 0
1 0.4384765625 0.8431586609374999 0.4443359375 0.8457059687499999 0.4580078125 0.8457059687499999 0.4697265625 0.838064046875 0.47265625 0.8342430859375 0.49609375 0.7934861718749999 0.498046875 0.7883915578125 0.498046875 0.7552765640625 0.49609375 0.74763464375 0.4921875 0.7348981078125 0.48828125 0.7272561859375 0.4775390625 0.713245996875 0.4716796875 0.7081513828125 0.4599609375 0.70305676875 0.4482421875 0.70305676875 0.4345703125 0.710698690625 0.4296875 0.7170669578125 0.423828125 0.72980349375 0.421875 0.7450873359375 0.423828125 0.8240538578125 0.42578125 0.8291484718750001 0.4384765625 0.8431586609374999
1 0.7548828125 0.8558951968749999 0.7685546875 0.8635371171875 0.7802734375 0.8635371171875 0.7900390625 0.8584425031249999 0.798828125 0.846979621875 0.802734375 0.8316957781250001 0.802734375 0.82150655 0.80078125 0.8113173218749999 0.794921875 0.7985807859375 0.7841796875 0.784570596875 0.7744140625 0.7794759828125 0.7568359375 0.7794759828125 0.7490234375 0.784570596875 0.7421875 0.7934861718749999 0.740234375 0.7985807859375 0.73828125 0.8087700140624999 0.73828125 0.81895924375 0.744140625 0.8418850078125001 0.7548828125 0.8558951968749999
1 0.9326171875 0.6291848609375 0.9501953125 0.641921396875 0.9619140625 0.641921396875 0.9716796875 0.6368267828125 0.982421875 0.6253639015625 0.990234375 0.6075327515625 0.990234375 0.5897016015625 0.986328125 0.579512371875 0.9794921875 0.5705967984375 0.9638671875 0.5629548765625 0.9423828125 0.5629548765625 0.9345703125 0.568049490625 0.9296875 0.5744177578125 0.923828125 0.5871542937500001 0.921875 0.594796215625 0.921875 0.6024381375 0.92578125 0.6177219796875 0.9326171875 0.6291848609375
1 1 0.3884643375 0.9990234375 0.38719068437500004 0.9892578125 0.389737990625 0.9853515625 0.3922852984375 0.978515625 0.4012008734375 0.974609375 0.4113901015625 0.974609375 0.42922125156249996 0.982421875 0.449599709375 0.9892578125 0.45851528437500005 0.9931640625 0.461062590625 0.9990234375 0.461062590625 1 0.45978893750000005 1 0.3884643375
1 0.94921875 0.20505822343750002 0.9541015625 0.21142649218749998 0.9619140625 0.21652110625 0.9677734375 0.21652110625 0.9833984375 0.20887918437500003 0.99609375 0.1923216890625 0.998046875 0.1846797671875 0.998046875 0.169395925 0.9921875 0.15411208125 0.9814453125 0.1401018921875 0.9755859375 0.137554584375 0.9638671875 0.137554584375 0.9560546875 0.1426492 0.947265625 0.15411208125 0.9453125 0.161754003125 0.943359375 0.17194323125 0.943359375 0.182132459375 0.947265625 0.199963609375 0.94921875 0.20505822343750002
1 0.7265625 0.469978165625 0.7353515625 0.4814410484375 0.7451171875 0.4865356625 0.7568359375 0.4865356625 0.7705078125 0.476346434375 0.779296875 0.46488355156249994 0.78515625 0.44705240156250003 0.78515625 0.4419577875 0.78125 0.4266739453125 0.77734375 0.4190320234375 0.7685546875 0.407569140625 0.7646484375 0.405021834375 0.7529296875 0.405021834375 0.7373046875 0.4126637546875 0.7265625 0.4266739453125 0.724609375 0.431768559375 0.72265625 0.4394104796875 0.72265625 0.4546943234375 0.724609375 0.46488355156249994 0.7265625 0.469978165625
1 0.7939453125 0.4534206703125 0.8095703125 0.4534206703125 0.8173828125 0.44577874843750004 0.828125 0.431768559375 0.83203125 0.4215793296875 0.83203125 0.3910116453125 0.830078125 0.38591703125 0.8154296875 0.3668122265625 0.8037109375 0.35917030625 0.7900390625 0.3566229984375 0.7763671875 0.3617176125 0.7705078125 0.3668122265625 0.76171875 0.378275109375 0.7578125 0.3884643375 0.7578125 0.398653565625 0.7880859375 0.4508733625 0.7939453125 0.4534206703125
1 0.6845703125 0.9959970890625 0.6884765625 0.9985443953124999 0.7275390625 0.9985443953124999 0.732421875 0.9947234359375001 0.736328125 0.98453420625 0.736328125 0.9667030562500001 0.734375 0.9590611359375 0.73046875 0.9514192140625 0.7197265625 0.937409025 0.7060546875 0.9297671031249999 0.6943359375 0.9297671031249999 0.6826171875 0.937409025 0.67578125 0.9514192140625 0.673828125 0.9590611359375 0.67578125 0.9819869000000001 0.677734375 0.9870815140625 0.6845703125 0.9959970890625
1 0.75390625 0.9819869000000001 0.7626953125 0.99344978125 0.7666015625 0.9959970890625 0.7744140625 0.9959970890625 0.7841796875 0.99344978125 0.7939453125 0.9883551671875 0.8017578125 0.9807132453125 0.80859375 0.9717976703125 0.818359375 0.94887190625 0.822265625 0.8928311499999999 0.8203125 0.8877365359375 0.8154296875 0.8813682671875 0.8076171875 0.8788209609375001 0.7861328125 0.8788209609375001 0.7724609375 0.8864628828125 0.74609375 0.9233988359374999 0.744140625 0.92849345 0.744140625 0.94887190625 0.75 0.9717976703125 0.75390625 0.9819869000000001
1 0.8359375 0.9386826781250001 0.83984375 0.9463246 0.8486328125 0.9577874812499999 0.8583984375 0.9628820953125 0.8701171875 0.9628820953125 0.8779296875 0.9577874812499999 0.890625 0.9437772921875001 0.896484375 0.9259461421875 0.896484375 0.9106623 0.89453125 0.900473071875 0.8837890625 0.8864628828125 0.8720703125 0.8813682671875 0.8583984375 0.8788209609375001 0.8466796875 0.8813682671875 0.837890625 0.8902838421875 0.83203125 0.903020378125 0.830078125 0.9106623 0.830078125 0.9183042218749999 0.83203125 0.92849345 0.8359375 0.9386826781250001
1 0.9228515625 1 0.9375 0.9972707421875 0.9375 0.98453420625 0.935546875 0.9768922859375 0.9267578125 0.965429403125 0.9228515625 0.9628820953125 0.9169921875 0.9603347890625 0.9052734375 0.9603347890625 0.8916015625 0.9628820953125 0.8876953125 0.965429403125 0.8828125 0.9717976703125 0.876953125 0.9870815140625 0.876953125 0.9972707421875 0.8779296875 0.9985443953124999 0.9228515625 1
2 0.3095703125 0.6470160109374999 0.3291015625 0.6470160109374999 0.3466796875 0.639374090625 0.3525390625 0.6342794765625 0.37109375 0.6100800578125 0.376953125 0.597343521875 0.380859375 0.5846069875000001 0.380859375 0.5616812234374999 0.37890625 0.5540393015625 0.3642578125 0.532387190625 0.3486328125 0.52474526875 0.3291015625 0.5196506546874999 0.3154296875 0.5196506546874999 0.3037109375 0.5221979625000001 0.2958984375 0.5272925765625 0.2861328125 0.5349344984375 0.27734375 0.5463973796875 0.26953125 0.5642285296875 0.267578125 0.5922489078125001 0.2734375 0.615174671875 0.2880859375 0.6342794765625 0.3095703125 0.6470160109374999
1 0.8466796875 0.30567685624999996 0.8525390625 0.3082241625 0.8642578125 0.3082241625 0.873046875 0.29676128125 0.87890625 0.2840247453125 0.87890625 0.26109898125000003 0.8759765625 0.2547307125 0.8583984375 0.241994178125 0.8486328125 0.23944687031249998 0.841796875 0.2458151390625 0.83203125 0.2763828234375 0.8359375 0.2942139734375 0.8427734375 0.3031295484375 0.8466796875 0.30567685624999996
0 0.9150390625 0.4687045125 0.9208984375 0.4687045125 0.9296875 0.4572416296875 0.931640625 0.45214701562500004 0.931640625 0.4368631734375 0.9287109375 0.4330422125 0.9208984375 0.42794759843749997 0.9130859375 0.42794759843749997 0.90625 0.434315865625 0.904296875 0.4394104796875 0.904296875 0.44450509531250004 0.91015625 0.4623362453125 0.9150390625 0.4687045125
0 0.2958984375 0.4992721984375 0.30078125 0.49290392968749996 0.30078125 0.487809315625 0.298828125 0.4827147015625 0.2939453125 0.476346434375 0.2880859375 0.476346434375 0.28515625 0.48016739375000006 0.28515625 0.49799854374999997 0.2861328125 0.4992721984375 0.2958984375 0.4992721984375
1 0.6787109375 0.135007278125 0.6884765625 0.135007278125 0.6982421875 0.1299126640625 0.7109375 0.11335516718750001 0.71484375 0.10061863124999999 0.71484375 0.08788209531249999 0.712890625 0.0776928671875 0.7080078125 0.0687772921875 0.6962890625 0.0687772921875 0.6845703125 0.07641921406249999 0.673828125 0.090429403125 0.669921875 0.1031659390625 0.669921875 0.12863901093750002 0.6728515625 0.1324599703125 0.6787109375 0.135007278125
1 0.7197265625 0.063682678125 0.7392578125 0.063682678125 0.7451171875 0.061135371875 0.7548828125 0.05349345 0.759765625 0.044577875 0.759765625 0.0318413390625 0.75390625 0.016557496875 0.7451171875 0.0050946140625 0.7412109375 0.0025473078125 0.7255859375 0.0025473078125 0.7177734375 0.007641921875000001 0.70703125 0.0216521109375 0.703125 0.02929403125 0.703125 0.044577875 0.7138671875 0.061135371875 0.7197265625 0.063682678125