2 0.3984375 0.559133915625 0.4130859375 0.5731441046875 0.4326171875 0.5807860265625 0.4423828125 0.5807860265625 0.4501953125 0.5756914125 0.4658203125 0.56040756875 0.490234375 0.5260189234375 0.490234375 0.49290392968749996 0.48828125 0.48526200937499997 0.4765625 0.45978893750000005 0.4716796875 0.4534206703125 0.4580078125 0.443231440625 0.4365234375 0.4381368265625 0.4287109375 0.4381368265625 0.4111328125 0.443231440625 0.40234375 0.449599709375 0.388671875 0.4750727796875 0.384765625 0.49035662343749997 0.384765625 0.5285662296875 0.388671875 0.541302765625 0.3984375 0.559133915625
0 0.7412109375 0.35917030625 0.7509765625 0.35917030625 0.75390625 0.3528020375 0.75390625 0.3375181953125 0.7490234375 0.33114992656250003 0.7412109375 0.333697234375 0.736328125 0.3375181953125 0.734375 0.342612809375 0.734375 0.35025473125 0.736328125 0.3553493453125 0.7412109375 0.35917030625
0 0.8759765625 0.5502183406250001 0.8837890625 0.5502183406250001 0.8935546875 0.5476710328125 0.8974609375 0.5451237265625 0.90234375 0.5387554578125 0.904296875 0.5311135375 0.90234375 0.5209243078125 0.8984375 0.5107350796875 0.8955078125 0.5069141187499999 0.8876953125 0.5018195046875 0.8798828125 0.5018195046875 0.8720703125 0.5043668125 0.869140625 0.5081877734375 0.8671875 0.5132823875 0.8671875 0.53366084375 0.87109375 0.5438500734375 0.8759765625 0.5502183406250001
0 0.9462890625 0.2139737984375 0.9521484375 0.21142649218749998 0.962890625 0.197416303125 0.962890625 0.187227075 0.958984375 0.1770378453125 0.9541015625 0.173216884375 0.9462890625 0.173216884375 0.9423828125 0.1757641921875 0.93359375 0.187227075 0.93359375 0.199963609375 0.9404296875 0.21142649218749998 0.9462890625 0.2139737984375
0 0.9755859375 0.3031295484375 0.978515625 0.2993085875 0.978515625 0.2916666671875 0.9765625 0.286572053125 0.9755859375 0.2852983984375 0.9677734375 0.2852983984375 0.96484375 0.289119359375 0.96484375 0.3018558953125 0.9658203125 0.3031295484375 0.9755859375 0.3031295484375
0 0.1279296875 0.0967976703125 0.1337890625 0.09425036406250001 0.13671875 0.090429403125 0.13671875 0.0751455609375 0.134765625 0.0675036390625 0.1259765625 0.056040756250000004 0.1162109375 0.056040756250000004 0.1083984375 0.061135371875 0.10546875 0.0675036390625 0.103515625 0.0751455609375 0.10546875 0.0853347890625 0.1142578125 0.0967976703125 0.1279296875 0.0967976703125
1 0.1572265625 0.2903930125 0.1767578125 0.2903930125 0.1845703125 0.2852983984375 0.193359375 0.2738355171875 0.197265625 0.26364628749999997 0.197265625 0.250909753125 0.1953125 0.2458151390625 0.1845703125 0.2318049484375 0.1806640625 0.22925764218750003 0.1611328125 0.22925764218750003 0.1572265625 0.2318049484375 0.146484375 0.2458151390625 0.14453125 0.250909753125 0.14453125 0.2738355171875 0.146484375 0.27893013125 0.1572265625 0.2903930125
1 0.220703125 0.380822415625 0.2275390625 0.389737990625 0.2353515625 0.39483260625 0.2490234375 0.39737991250000004 0.2568359375 0.39483260625 0.267578125 0.38336972343750003 0.2734375 0.36553857343749996 0.2734375 0.3528020375 0.26953125 0.3375181953125 0.265625 0.3298762734375 0.2568359375 0.3184133921875 0.2490234375 0.31331877656249996 0.2314453125 0.31331877656249996 0.2275390625 0.31586608437499997 0.21875 0.32732896718750004 0.21484375 0.3375181953125 0.21484375 0.36553857343749996 0.216796875 0.3731804953125 0.220703125 0.380822415625
1 0.2939453125 0.461062590625 0.2978515625 0.4636098984375 0.3095703125 0.4636098984375 0.3193359375 0.45851528437500005 0.328125 0.44705240156250003 0.33203125 0.434315865625 0.33203125 0.4190320234375 0.330078125 0.40884279531249995 0.3232421875 0.3999272203125 0.3115234375 0.39483260625 0.2998046875 0.39737991250000004 0.2939453125 0.40247452656249993 0.28515625 0.41648471562499995 0.28125 0.4266739453125 0.28125 0.4419577875 0.287109375 0.4546943234375 0.2939453125 0.461062590625
1 0.3837890625 0.4330422125 0.3876953125 0.4355895203125 0.3994140625 0.4355895203125 0.4208984375 0.425400290625 0.4267578125 0.4203056765625 0.43359375 0.40884279531249995 0.43359375 0.398653565625 0.423828125 0.37572780156249996 0.4150390625 0.3642649203125 0.4072265625 0.35917030625 0.3916015625 0.35917030625 0.3837890625 0.3642649203125 0.373046875 0.378275109375 0.369140625 0.3884643375 0.369140625 0.40884279531249995 0.373046875 0.4190320234375 0.3837890625 0.4330422125
1 0.4541015625 0.41011644843750006 0.4638671875 0.4177583703125 0.4775390625 0.4177583703125 0.4833984375 0.41521106249999995 0.4921875 0.40374818125 0.49609375 0.396106259375 0.498046875 0.38591703125 0.498046875 0.36553857343749996 0.49609375 0.3553493453125 0.4921875 0.3451601171875 0.4833984375 0.333697234375 0.4755859375 0.3286026203125 0.4560546875 0.3286026203125 0.4462890625 0.3362445421875 0.439453125 0.3477074234375 0.4375 0.3553493453125 0.4375 0.37572780156249996 0.443359375 0.3910116453125 0.4541015625 0.41011644843750006
1 0.3212890625 0.54257641875 0.3447265625 0.5527656484375 0.3642578125 0.5527656484375 0.37109375 0.5463973796875 0.373046875 0.541302765625 0.373046875 0.487809315625 0.37109375 0.47762008749999996 0.3623046875 0.46615720468750005 0.3564453125 0.461062590625 0.3427734375 0.4559679765625 0.3388671875 0.4559679765625 0.3291015625 0.461062590625 0.3193359375 0.47125181875 0.310546875 0.48526200937499997 0.306640625 0.49545123750000003 0.306640625 0.5183770015625 0.310546875 0.5285662296875 0.3212890625 0.54257641875
1 0.2392578125 0.588427946875 0.2470703125 0.5909752546875 0.2548828125 0.5909752546875 0.2626953125 0.588427946875 0.2666015625 0.585880640625 0.275390625 0.5744177578125 0.279296875 0.5642285296875 0.279296875 0.541302765625 0.275390625 0.5311135375 0.2685546875 0.5221979625000001 0.2587890625 0.514556040625 0.2431640625 0.514556040625 0.2373046875 0.5171033484375 0.224609375 0.5311135375 0.220703125 0.541302765625 0.21875 0.55149199375 0.220703125 0.5667758375 0.2314453125 0.5833333328125 0.2392578125 0.588427946875
1 0.1474609375 0.5705967984375 0.1572265625 0.5756914125 0.1689453125 0.5756914125 0.1767578125 0.5731441046875 0.1845703125 0.568049490625 0.19140625 0.5565866078124999 0.193359375 0.5489446874999999 0.193359375 0.5311135375 0.1875 0.51582969375 0.1767578125 0.5043668125 0.1728515625 0.5018195046875 0.1552734375 0.5018195046875 0.1455078125 0.5094614265625 0.138671875 0.5183770015625 0.134765625 0.5285662296875 0.134765625 0.55149199375 0.13671875 0.5565866078124999 0.1474609375 0.5705967984375
1 0.05859375 0.5387554578125 0.0693359375 0.5502183406250001 0.0751953125 0.5527656484375 0.0888671875 0.5527656484375 0.0947265625 0.5502183406250001 0.0986328125 0.5476710328125 0.111328125 0.5311135375 0.11328125 0.5260189234375 0.11328125 0.49799854374999997 0.109375 0.487809315625 0.1005859375 0.476346434375 0.0927734375 0.47125181875 0.0830078125 0.4687045125 0.0693359375 0.47125181875 0.0615234375 0.476346434375 0.052734375 0.49035662343749997 0.05078125 0.5005458515625001 0.05078125 0.51582969375 0.052734375 0.523471615625 0.05859375 0.5387554578125
1 0 0.5387554578125 0.0048828125 0.54257641875 0.0166015625 0.54257641875 0.0302734375 0.5349344984375 0.03515625 0.5285662296875 0.0390625 0.5183770015625 0.0390625 0.487809315625 0.037109375 0.4827147015625 0.0263671875 0.4687045125 0.0224609375 0.46615720468750005 0.0166015625 0.4636098984375 0.0009765625 0.4636098984375 0 0.46488355156249994 0 0.5387554578125
1 0 0.62281659375 0.0068359375 0.6291848609375 0.0166015625 0.6317321687499999 0.0244140625 0.6317321687499999 0.0361328125 0.6266375546875 0.05078125 0.6075327515625 0.052734375 0.597343521875 0.052734375 0.5871542937500001 0.048828125 0.5744177578125 0.0419921875 0.5655021828125 0.0361328125 0.56040756875 0.0302734375 0.5578602625 0.0107421875 0.5578602625 0.0048828125 0.56040756875 0 0.5667758375 0 0.62281659375
1 0 0.7247088796875001 0.0009765625 0.7259825328125 0.0107421875 0.72088791875 0.03125 0.6941411937499999 0.033203125 0.6890465796874999 0.033203125 0.6737627359375 0.029296875 0.6610262015624999 0.0185546875 0.6495633187500001 0.0126953125 0.6470160109374999 0.0009765625 0.6470160109374999 0 0.648289665625 0 0.7247088796875001
1 0.1240234375 0.692867540625 0.1279296875 0.695414846875 0.1455078125 0.695414846875 0.1533203125 0.6903202328125 0.1640625 0.67631004375 0.16796875 0.6610262015624999 0.166015625 0.648289665625 0.1640625 0.6431950515625 0.1533203125 0.6291848609375 0.1396484375 0.624090246875 0.1318359375 0.6266375546875 0.1240234375 0.6317321687499999 0.1171875 0.64064774375 0.11328125 0.650836971875 0.11328125 0.6737627359375 0.1171875 0.683951965625 0.1240234375 0.692867540625
1 0.0322265625 0.7820232890625001 0.0400390625 0.7871179046875 0.0517578125 0.7871179046875 0.0615234375 0.7820232890625001 0.0673828125 0.776928675 0.076171875 0.7629184859375 0.078125 0.7552765640625 0.078125 0.737445415625 0.07421875 0.7272561859375 0.0634765625 0.713245996875 0.0595703125 0.710698690625 0.0419921875 0.710698690625 0.0341796875 0.7157933046875 0.0234375 0.72980349375 0.01953125 0.739992721875 0.01953125 0.7603711796875 0.0234375 0.7705604078125 0.0322265625 0.7820232890625001
1 0.1142578125 0.838064046875 0.1181640625 0.840611353125 0.1240234375 0.8431586609374999 0.1376953125 0.8431586609374999 0.1494140625 0.8355167390625 0.16015625 0.82150655 0.162109375 0.8164119359375 0.1640625 0.8087700140624999 0.1640625 0.7909388640625 0.162109375 0.7807496359375 0.158203125 0.7705604078125 0.1494140625 0.7590975249999999 0.1455078125 0.75655021875 0.1396484375 0.7540029109375 0.1279296875 0.7540029109375 0.1201171875 0.75655021875 0.1123046875 0.7616448328125001 0.1015625 0.775655021875 0.099609375 0.7807496359375 0.09765625 0.7883915578125 0.09765625 0.8087700140624999 0.103515625 0.8240538578125 0.1142578125 0.838064046875
1 0.185546875 0.8240538578125 0.2001953125 0.8431586609374999 0.2080078125 0.848253275 0.2177734375 0.8508005828125 0.2294921875 0.8508005828125 0.2373046875 0.848253275 0.2490234375 0.840611353125 0.26171875 0.8240538578125 0.267578125 0.8087700140624999 0.26953125 0.78584425 0.267578125 0.7705604078125 0.26171875 0.7552765640625 0.2509765625 0.73871906875 0.2451171875 0.7336244546875 0.2353515625 0.728529840625 0.2275390625 0.7259825328125 0.2138671875 0.7259825328125 0.2021484375 0.7310771468749999 0.189453125 0.7450873359375 0.185546875 0.7527292578125 0.1796875 0.7705604078125 0.177734375 0.7807496359375 0.177734375 0.80112809375 0.181640625 0.8164119359375 0.185546875 0.8240538578125
1 0.2265625 0.96415575 0.2412109375 0.9781659390625 0.2587890625 0.9832605531249999 0.2724609375 0.9781659390625 0.2822265625 0.9705240171874999 0.2890625 0.9616084421875 0.294921875 0.9437772921875001 0.294921875 0.93104075625 0.29296875 0.9233988359374999 0.28515625 0.9081149921874999 0.2783203125 0.901746725 0.2646484375 0.8941048031250001 0.2451171875 0.8941048031250001 0.2392578125 0.8966521109375 0.2294921875 0.9042940312500001 0.220703125 0.9183042218749999 0.21875 0.9259461421875 0.21875 0.9437772921875001 0.220703125 0.9514192140625 0.2265625 0.96415575
1 0.3447265625 0.9246724890625 0.3505859375 0.927219796875 0.3623046875 0.927219796875 0.3720703125 0.92212518125 0.380859375 0.9106623 0.384765625 0.900473071875 0.384765625 0.8826419218750001 0.37890625 0.8673580781249999 0.3740234375 0.8609898109375 0.3681640625 0.8558951968749999 0.3623046875 0.8533478890625 0.3525390625 0.8533478890625 0.3427734375 0.8584425031249999 0.333984375 0.8699053859375001 0.330078125 0.8800946140624999 0.330078125 0.900473071875 0.33203125 0.9081149921874999 0.3447265625 0.9246724890625
1 0.4111328125 0.8915574968750001 0.4248046875 0.8915574968750001 0.4384765625 0.883915575 0.447265625 0.8724526921875 0.451171875 0.8571688500000001 0.44921875 0.8393377 0.4453125 0.8316957781250001 0.4384765625 0.822780203125 0.4306640625 0.8176855890624999 0.4189453125 0.8176855890624999 0.4072265625 0.822780203125 0.39453125 0.8393377 0.392578125 0.8444323140625001 0.390625 0.8571688500000001 0.39453125 0.8724526921875 0.4072265625 0.8890101890625 0.4111328125 0.8915574968750001
1 0.4404296875 0.8049490531249999 0.4501953125 0.81004366875 0.4619140625 0.81004366875 0.4697265625 0.8049490531249999 0.478515625 0.7934861718749999 0.482421875 0.7782023296875 0.482421875 0.7680131 0.48046875 0.757823871875 0.4765625 0.75018195 0.4677734375 0.73871906875 0.4599609375 0.7336244546875 0.4482421875 0.7336244546875 0.4384765625 0.73871906875 0.427734375 0.7527292578125 0.42578125 0.757823871875 0.42578125 0.78329694375 0.43359375 0.7985807859375 0.4404296875 0.8049490531249999
1 0.1455078125 0.9959970890625 0.1494140625 0.9985443953124999 0.1806640625 0.9985443953124999 0.1875 0.9896288203125 0.193359375 0.974344978125 0.193359375 0.9590611359375 0.189453125 0.94887190625 0.1787109375 0.9348617171875 0.1669921875 0.9297671031249999 0.1591796875 0.9297671031249999 0.1533203125 0.9323144109375001 0.1474609375 0.937409025 0.140625 0.9463246 0.13671875 0.9565138281250001 0.13671875 0.9794395921874999 0.140625 0.9896288203125 0.1455078125 0.9959970890625
1 0.0205078125 0.97561863125 0.0263671875 0.9807132453125 0.0361328125 0.9858078609375 0.0478515625 0.9858078609375 0.0615234375 0.9781659390625 0.068359375 0.9692503640625001 0.07421875 0.9539665218750001 0.07421875 0.9386826781250001 0.0703125 0.92849345 0.0615234375 0.9170305671874999 0.0478515625 0.909388646875 0.0400390625 0.909388646875 0.0322265625 0.911935953125 0.0244140625 0.9170305671874999 0.013671875 0.93104075625 0.01171875 0.9386826781250001 0.01171875 0.9565138281250001 0.015625 0.9667030562500001 0.0205078125 0.97561863125
1 0.5712890625 0.8788209609375001 0.5791015625 0.883915575 0.5947265625 0.883915575 0.6123046875 0.8711790390624999 0.619140625 0.8622634640625 0.62109375 0.8571688500000001 0.62109375 0.8418850078125001 0.6171875 0.8316957781250001 0.6083984375 0.8202328968750001 0.5986328125 0.8151382828125 0.5810546875 0.8151382828125 0.5751953125 0.8176855890624999 0.5712890625 0.8202328968750001 0.5625 0.8316957781250001 0.560546875 0.83679039375 0.55859375 0.8444323140625001 0.55859375 0.8520742359375 0.5625 0.8673580781249999 0.5712890625 0.8788209609375001
1 0.59765625 0.7807496359375 0.6064453125 0.7896652109375 0.6123046875 0.79221251875 0.6279296875 0.79221251875 0.6337890625 0.7896652109375 0.64453125 0.7782023296875 0.6484375 0.7680131 0.6484375 0.7450873359375 0.646484375 0.737445415625 0.6376953125 0.723435225 0.6279296875 0.7157933046875 0.6103515625 0.7157933046875 0.6025390625 0.72088791875 0.595703125 0.72980349375 0.591796875 0.739992721875 0.58984375 0.74763464375 0.58984375 0.757823871875 0.591796875 0.7680131 0.59765625 0.7807496359375
1 0.6083984375 0.9552401749999999 0.6181640625 0.9603347890625 0.6318359375 0.9603347890625 0.6435546875 0.9526928671875 0.6484375 0.9463246 0.654296875 0.92849345 0.654296875 0.91320960625 0.650390625 0.903020378125 0.6396484375 0.8890101890625 0.6259765625 0.883915575 0.6142578125 0.8864628828125 0.6064453125 0.8915574968750001 0.59765625 0.903020378125 0.59375 0.91320960625 0.59375 0.93104075625 0.595703125 0.9386826781250001 0.6083984375 0.9552401749999999
1 0.6650390625 0.9042940312500001 0.6728515625 0.909388646875 0.6845703125 0.909388646875 0.6923828125 0.9042940312500001 0.701171875 0.8928311499999999 0.705078125 0.8826419218750001 0.70703125 0.8699053859375001 0.705078125 0.849526928125 0.69921875 0.83679039375 0.6904296875 0.82787481875 0.6806640625 0.822780203125 0.6728515625 0.822780203125 0.6669921875 0.8253275109375 0.6591796875 0.8304221249999999 0.65234375 0.8393377 0.6484375 0.849526928125 0.646484375 0.8571688500000001 0.646484375 0.8699053859375001 0.650390625 0.8800946140624999 0.6650390625 0.9042940312500001
1 0.7236328125 0.9297671031249999 0.7314453125 0.9348617171875 0.7490234375 0.9348617171875 0.7529296875 0.9323144109375001 0.765625 0.9157569140625 0.76953125 0.903020378125 0.76953125 0.8928311499999999 0.765625 0.8800946140624999 0.7607421875 0.873726346875 0.7470703125 0.866084425 0.7373046875 0.866084425 0.7255859375 0.873726346875 0.716796875 0.885189228125 0.712890625 0.8953784578124999 0.712890625 0.9106623 0.71484375 0.9183042218749999 0.7236328125 0.9297671031249999
1 0.7412109375 0.7641921390624999 0.7451171875 0.7667394468750001 0.7646484375 0.7667394468750001 0.7685546875 0.7641921390624999 0.779296875 0.7527292578125 0.78515625 0.7348981078125 0.783203125 0.7170669578125 0.779296875 0.7068777296875 0.7724609375 0.6979621546875 0.7607421875 0.692867540625 0.7470703125 0.695414846875 0.7431640625 0.6979621546875 0.734375 0.7068777296875 0.728515625 0.719614265625 0.7265625 0.7272561859375 0.728515625 0.7450873359375 0.73046875 0.75018195 0.7412109375 0.7641921390624999
1 0.6767578125 0.687772925 0.6806640625 0.6903202328125 0.6884765625 0.692867540625 0.7021484375 0.6903202328125 0.7119140625 0.6826783109375001 0.720703125 0.668668121875 0.72265625 0.6610262015624999 0.72265625 0.6431950515625 0.716796875 0.6279112078125 0.7119140625 0.621542940625 0.7041015625 0.6164483265625 0.6884765625 0.6164483265625 0.6728515625 0.6291848609375 0.666015625 0.64064774375 0.6640625 0.6457423578125 0.6640625 0.666120815625 0.666015625 0.6737627359375 0.6767578125 0.687772925
1 0.6240234375 0.639374090625 0.6298828125 0.6444687046875 0.6357421875 0.6470160109374999 0.6416015625 0.6470160109374999 0.6474609375 0.6444687046875 0.673828125 0.6075327515625 0.67578125 0.6024381375 0.67578125 0.579512371875 0.673828125 0.5744177578125 0.6669921875 0.5629548765625 0.6611328125 0.5578602625 0.6552734375 0.5553129546875 0.6435546875 0.5553129546875 0.6337890625 0.56040756875 0.625 0.5718704515625 0.619140625 0.5897016015625 0.6171875 0.60498544375 0.6171875 0.6279112078125 0.619140625 0.633005821875 0.6240234375 0.639374090625
1 0.5712890625 0.621542940625 0.5771484375 0.624090246875 0.5888671875 0.624090246875 0.5927734375 0.621542940625 0.6015625 0.6100800578125 0.60546875 0.5922489078125001 0.607421875 0.5718704515625 0.603515625 0.5565866078124999 0.5927734375 0.5400291125 0.5888671875 0.5374818046875001 0.5712890625 0.5374818046875001 0.5654296875 0.5400291125 0.552734375 0.5565866078124999 0.55078125 0.5616812234374999 0.548828125 0.5718704515625 0.55078125 0.5846069875000001 0.556640625 0.5998908296875001 0.5712890625 0.621542940625
1 0.5224609375 0.6801310046875 0.5283203125 0.6826783109375001 0.5361328125 0.6826783109375001 0.5478515625 0.675036390625 0.560546875 0.6533842796875 0.556640625 0.6279112078125 0.544921875 0.6024381375 0.5400390625 0.5986171765625 0.5302734375 0.6011644828125 0.5224609375 0.606259096875 0.5126953125 0.61390101875 0.50390625 0.6253639015625 0.501953125 0.633005821875 0.501953125 0.6533842796875 0.51171875 0.6712154296875 0.5224609375 0.6801310046875
1 0.3935546875 0.6648471609375 0.3994140625 0.6699417765625 0.4052734375 0.6724890828125 0.4169921875 0.6724890828125 0.4248046875 0.66739446875 0.4296875 0.6610262015624999 0.43359375 0.650836971875 0.435546875 0.633005821875 0.4296875 0.615174671875 0.4248046875 0.6088064046875 0.4150390625 0.6011644828125 0.4091796875 0.5986171765625 0.4013671875 0.5986171765625 0.3916015625 0.603711790625 0.384765625 0.6126273656250001 0.380859375 0.62281659375 0.380859375 0.6431950515625 0.384765625 0.6533842796875 0.3935546875 0.6648471609375
1 0.3193359375 0.6164483265625 0.3271484375 0.621542940625 0.3349609375 0.624090246875 0.3466796875 0.624090246875 0.3525390625 0.621542940625 0.3603515625 0.6164483265625 0.365234375 0.6100800578125 0.369140625 0.5998908296875001 0.369140625 0.5871542937500001 0.3671875 0.579512371875 0.3583984375 0.568049490625 0.3544921875 0.5655021828125 0.3388671875 0.56040756875 0.3212890625 0.56040756875 0.3173828125 0.5629548765625 0.30859375 0.5744177578125 0.306640625 0.579512371875 0.306640625 0.597343521875 0.30859375 0.6024381375 0.3193359375 0.6164483265625
1 0.337890625 0.12354439531250001 0.3466796875 0.135007278125 0.3544921875 0.1401018921875 0.3720703125 0.1401018921875 0.3798828125 0.135007278125 0.390625 0.1209970890625 0.392578125 0.11590247499999999 0.39453125 0.1057132453125 0.39453125 0.0955240171875 0.392578125 0.08788209531249999 0.388671875 0.0776928671875 0.3818359375 0.0687772921875 0.3740234375 0.063682678125 0.3623046875 0.061135371875 0.3525390625 0.063682678125 0.3486328125 0.0662299859375 0.337890625 0.080240175 0.3359375 0.0853347890625 0.333984375 0.0929767109375 0.333984375 0.11080786093749999 0.3359375 0.11844978125000001 0.337890625 0.12354439531250001
1 0.4619140625 0.19359534218750002 0.4736328125 0.19359534218750002 0.4775390625 0.191048034375 0.484375 0.182132459375 0.490234375 0.164301309375 0.490234375 0.15411208125 0.48828125 0.143922853125 0.4814453125 0.1324599703125 0.4736328125 0.12736535625 0.4619140625 0.12736535625 0.4541015625 0.1324599703125 0.4453125 0.1490174671875 0.443359375 0.1668486171875 0.447265625 0.179585153125 0.4541015625 0.18850072812500002 0.4619140625 0.19359534218750002
1 0.5205078125 0.18085880625 0.5244140625 0.18340611406250001 0.5439453125 0.18340611406250001 0.5517578125 0.1783115 0.55859375 0.169395925 0.5625 0.1592066953125 0.564453125 0.14137554531250002 0.5625 0.1311863171875 0.5537109375 0.1120815140625 0.5439453125 0.10443959218750001 0.5302734375 0.1018922859375 0.5185546875 0.1069869 0.509765625 0.11844978125000001 0.50390625 0.133733625 0.50390625 0.15411208125 0.5078125 0.164301309375 0.5205078125 0.18085880625
1 0.5751953125 0.2929403203125 0.5830078125 0.298034934375 0.5986328125 0.298034934375 0.61328125 0.286572053125 0.619140625 0.2738355171875 0.62109375 0.26364628749999997 0.62109375 0.25345705937499996 0.6171875 0.2381732171875 0.6083984375 0.22671033437500002 0.5947265625 0.21906841406250002 0.5830078125 0.21906841406250002 0.5751953125 0.224163028125 0.568359375 0.233078603125 0.5625 0.2483624453125 0.5625 0.268740903125 0.56640625 0.2814774375 0.5751953125 0.2929403203125
1 0.578125 0.4190320234375 0.5849609375 0.42794759843749997 0.5947265625 0.4355895203125 0.6083984375 0.4355895203125 0.6162109375 0.43049490468749996 0.626953125 0.41648471562499995 0.6328125 0.398653565625 0.6328125 0.38336972343750003 0.62890625 0.36808588124999997 0.6201171875 0.3566229984375 0.6142578125 0.351528384375 0.5966796875 0.351528384375 0.5927734375 0.3540756921875 0.580078125 0.36808588124999997 0.57421875 0.380822415625 0.572265625 0.3910116453125 0.572265625 0.4012008734375 0.57421875 0.40884279531249995 0.578125 0.4190320234375
1 0.7060546875 0.4381368265625 0.7158203125 0.443231440625 0.7255859375 0.443231440625 0.7314453125 0.440684134375 0.7412109375 0.4330422125 0.74609375 0.4241266375 0.748046875 0.4190320234375 0.748046875 0.396106259375 0.744140625 0.38591703125 0.7353515625 0.3744541484375 0.7255859375 0.369359534375 0.7177734375 0.369359534375 0.7119140625 0.371906840625 0.7021484375 0.37954876249999997 0.697265625 0.3884643375 0.693359375 0.398653565625 0.693359375 0.4113901015625 0.69921875 0.42922125156249996 0.7060546875 0.4381368265625
1 0.6728515625 0.262372634375 0.6806640625 0.26746724843749997 0.6962890625 0.26746724843749997 0.7060546875 0.259825328125 0.712890625 0.2483624453125 0.71484375 0.2407205234375 0.71484375 0.2203420671875 0.7109375 0.21015283906249999 0.7041015625 0.20123726406250003 0.6962890625 0.1961426484375 0.6845703125 0.19359534218750002 0.6767578125 0.1961426484375 0.6708984375 0.20123726406250003 0.6640625 0.2127001453125 0.66015625 0.2228893734375 0.66015625 0.2407205234375 0.666015625 0.25345705937499996 0.6728515625 0.262372634375
1 0.6103515625 0.1757641921875 0.6201171875 0.18085880625 0.6279296875 0.18085880625 0.6357421875 0.1783115 0.6435546875 0.173216884375 0.650390625 0.164301309375 0.654296875 0.151564775 0.654296875 0.133733625 0.65234375 0.12863901093750002 0.6416015625 0.11462882031249999 0.6318359375 0.10953420625000002 0.6259765625 0.10953420625000002 0.6123046875 0.117176128125 0.603515625 0.126091703125 0.599609375 0.13628093125000001 0.599609375 0.15665938906250002 0.603515625 0.1668486171875 0.6103515625 0.1757641921875
1 0.7099609375 0.191048034375 0.7158203125 0.19359534218750002 0.7294921875 0.19359534218750002 0.7353515625 0.191048034375 0.74609375 0.179585153125 0.751953125 0.161754003125 0.751953125 0.1388282390625 0.74609375 0.12354439531250001 0.7412109375 0.117176128125 0.7353515625 0.1120815140625 0.7255859375 0.1069869 0.7060546875 0.1069869 0.689453125 0.12863901093750002 0.685546875 0.143922853125 0.685546875 0.1592066953125 0.6943359375 0.1783115 0.7099609375 0.191048034375
1 0.5693359375 0.0840611359375 0.5771484375 0.08915575 0.5830078125 0.09170305625 0.5908203125 0.09170305625 0.5986328125 0.08915575 0.6083984375 0.08151382812499999 0.615234375 0.07005094687499999 0.6171875 0.06240902499999999 0.6171875 0.049672489062500005 0.61328125 0.0394832609375 0.6044921875 0.028020378125000002 0.5947265625 0.0203784578125 0.5830078125 0.0203784578125 0.5771484375 0.0229257640625 0.5732421875 0.025473071874999996 0.5625 0.0394832609375 0.560546875 0.044577875 0.560546875 0.0675036390625 0.564453125 0.0776928671875 0.5693359375 0.0840611359375