1 0.2353515625 0.0866084421875 0.2470703125 0.0967976703125 0.2529296875 0.09934497812500001 0.2587890625 0.09934497812500001 0.2705078125 0.09425036406250001 0.2763671875 0.08915575 0.283203125 0.0776928671875 0.28515625 0.07005094687499999 0.28515625 0.047125181249999995 0.283203125 0.0394832609375 0.279296875 0.0318413390625 0.2705078125 0.0229257640625 0.2626953125 0.0203784578125 0.2451171875 0.025473071874999996 0.234375 0.036935953125 0.23046875 0.047125181249999995 0.228515625 0.05476710312500001 0.228515625 0.0751455609375 0.23046875 0.080240175 0.2353515625 0.0866084421875
1 0.3525390625 0.12481804999999999 0.3603515625 0.1299126640625 0.3759765625 0.1299126640625 0.388671875 0.11844978125000001 0.39453125 0.10061863124999999 0.39453125 0.08278748124999999 0.392578125 0.0751455609375 0.3837890625 0.063682678125 0.3701171875 0.0585880640625 0.3642578125 0.0585880640625 0.3564453125 0.063682678125 0.345703125 0.0776928671875 0.34375 0.0853347890625 0.34375 0.108260553125 0.34765625 0.11844978125000001 0.3525390625 0.12481804999999999
1 0.2685546875 0.20887918437500003 0.2783203125 0.21652110625 0.2900390625 0.21652110625 0.2998046875 0.21142649218749998 0.30859375 0.199963609375 0.310546875 0.1948689953125 0.310546875 0.1668486171875 0.306640625 0.15665938906250002 0.2978515625 0.14519650625 0.2939453125 0.1426492 0.2880859375 0.1401018921875 0.2763671875 0.1401018921875 0.2685546875 0.14519650625 0.26171875 0.15411208125 0.2578125 0.164301309375 0.255859375 0.17194323125 0.255859375 0.1846797671875 0.2578125 0.1923216890625 0.2685546875 0.20887918437500003
1 0.2236328125 0.27256186250000003 0.2294921875 0.277656478125 0.2353515625 0.280203784375 0.2451171875 0.280203784375 0.2568359375 0.27510917031250004 0.265625 0.2661935953125 0.26953125 0.2585516734375 0.271484375 0.250909753125 0.271484375 0.235625909375 0.26953125 0.2305312953125 0.2587890625 0.21652110625 0.2509765625 0.21142649218749998 0.2353515625 0.21142649218749998 0.2275390625 0.21652110625 0.220703125 0.22543668125 0.216796875 0.235625909375 0.21484375 0.24326783125 0.21484375 0.25345705937499996 0.216796875 0.26109898125000003 0.2236328125 0.27256186250000003
1 0.1650390625 0.18850072812500002 0.1865234375 0.18850072812500002 0.1923828125 0.1859534203125 0.1982421875 0.18085880625 0.205078125 0.169395925 0.208984375 0.161754003125 0.2109375 0.151564775 0.2109375 0.14137554531250002 0.208984375 0.1311863171875 0.205078125 0.1209970890625 0.1982421875 0.1120815140625 0.1923828125 0.1069869 0.1865234375 0.10443959218750001 0.1708984375 0.10443959218750001 0.1611328125 0.10953420625000002 0.15234375 0.1209970890625 0.146484375 0.13628093125000001 0.14453125 0.1668486171875 0.146484375 0.17194323125 0.1513671875 0.1783115 0.1650390625 0.18850072812500002
1 0.0654296875 0.3540756921875 0.0712890625 0.35917030625 0.0771484375 0.3617176125 0.0888671875 0.3617176125 0.0966796875 0.3566229984375 0.10546875 0.3451601171875 0.123046875 0.31459243125 0.126953125 0.3018558953125 0.126953125 0.2916666671875 0.12109375 0.2738355171875 0.1083984375 0.2572780203125 0.1044921875 0.2547307125 0.0927734375 0.2547307125 0.0849609375 0.259825328125 0.064453125 0.286572053125 0.05859375 0.2993085875 0.05859375 0.3298762734375 0.060546875 0.3451601171875 0.0654296875 0.3540756921875
1 0.0341796875 0.24708879218750002 0.0439453125 0.25218340625 0.0595703125 0.25218340625 0.0693359375 0.24708879218750002 0.080078125 0.233078603125 0.087890625 0.21779475937499998 0.087890625 0.20505822343750002 0.083984375 0.1948689953125 0.0712890625 0.1783115 0.0654296875 0.1757641921875 0.0517578125 0.1757641921875 0.0419921875 0.1783115 0.0341796875 0.18340611406250001 0.029296875 0.18977438124999998 0.025390625 0.199963609375 0.0234375 0.20760553124999997 0.0234375 0.2279839890625 0.02734375 0.2381732171875 0.0341796875 0.24708879218750002
1 0.2490234375 0.389737990625 0.2685546875 0.389737990625 0.2734375 0.38336972343750003 0.298828125 0.3196870453125 0.298828125 0.306950509375 0.2900390625 0.29548762812499996 0.2822265625 0.2903930125 0.2763671875 0.28784570625 0.2685546875 0.28784570625 0.2607421875 0.2903930125 0.2451171875 0.298034934375 0.2392578125 0.3031295484375 0.2265625 0.3196870453125 0.220703125 0.3375181953125 0.21875 0.3553493453125 0.22265625 0.36553857343749996 0.2353515625 0.3820960703125 0.2490234375 0.389737990625
1 0.2822265625 0.389737990625 0.2939453125 0.39737991250000004 0.3037109375 0.39737991250000004 0.3134765625 0.3922852984375 0.318359375 0.38591703125 0.326171875 0.3553493453125 0.32421875 0.3451601171875 0.3193359375 0.3362445421875 0.3134765625 0.33114992656250003 0.2998046875 0.32350800625 0.2919921875 0.32350800625 0.2861328125 0.3286026203125 0.2734375 0.3451601171875 0.26953125 0.3553493453125 0.26953125 0.3706331875 0.2734375 0.380822415625 0.2822265625 0.389737990625
1 0.3740234375 0.298034934375 0.3818359375 0.3031295484375 0.4013671875 0.3031295484375 0.4052734375 0.3005822421875 0.416015625 0.286572053125 0.419921875 0.2763828234375 0.419921875 0.25345705937499996 0.41796875 0.24326783125 0.4140625 0.233078603125 0.4072265625 0.22671033437500002 0.4033203125 0.224163028125 0.3876953125 0.224163028125 0.3818359375 0.22671033437500002 0.3740234375 0.2318049484375 0.365234375 0.2458151390625 0.36328125 0.250909753125 0.36328125 0.27893013125 0.369140625 0.2916666671875 0.3740234375 0.298034934375
1 0.4501953125 0.3286026203125 0.4560546875 0.333697234375 0.4697265625 0.34133915625 0.4833984375 0.34133915625 0.4990234375 0.33114992656250003 0.505859375 0.3222343515625 0.509765625 0.30949781718749997 0.509765625 0.2814774375 0.50390625 0.2661935953125 0.4912109375 0.24963609843749998 0.4814453125 0.244541484375 0.4716796875 0.241994178125 0.4560546875 0.244541484375 0.4501953125 0.24963609843749998 0.44140625 0.26364628749999997 0.4375 0.2738355171875 0.4375 0.2993085875 0.44140625 0.31459243125 0.4501953125 0.3286026203125
1 0.4833984375 0.4177583703125 0.4931640625 0.42285298437499996 0.5068359375 0.42285298437499996 0.5107421875 0.4203056765625 0.51953125 0.40884279531249995 0.5234375 0.4012008734375 0.52734375 0.380822415625 0.52734375 0.3731804953125 0.525390625 0.36553857343749996 0.5126953125 0.3489810765625 0.5068359375 0.3464337703125 0.4970703125 0.3464337703125 0.4853515625 0.3540756921875 0.474609375 0.36808588124999997 0.47265625 0.3731804953125 0.47265625 0.398653565625 0.474609375 0.4062954875 0.4833984375 0.4177583703125
1 0.5498046875 0.41011644843750006 0.5576171875 0.41521106249999995 0.5751953125 0.4203056765625 0.5830078125 0.4203056765625 0.5908203125 0.41521106249999995 0.599609375 0.40374818125 0.6015625 0.398653565625 0.6015625 0.378275109375 0.599609375 0.3731804953125 0.595703125 0.36553857343749996 0.5810546875 0.3489810765625 0.5693359375 0.3464337703125 0.5576171875 0.351528384375 0.5498046875 0.3566229984375 0.541015625 0.36808588124999997 0.5390625 0.378275109375 0.54296875 0.398653565625 0.544921875 0.40374818125 0.5498046875 0.41011644843750006
1 0.6025390625 0.3566229984375 0.6103515625 0.3617176125 0.6259765625 0.3617176125 0.6318359375 0.35917030625 0.642578125 0.3451601171875 0.646484375 0.33242358125 0.646484375 0.3196870453125 0.64453125 0.30949781718749997 0.638671875 0.29676128125 0.6298828125 0.2852983984375 0.6259765625 0.2827510921875 0.6083984375 0.2827510921875 0.5947265625 0.2903930125 0.587890625 0.3018558953125 0.5859375 0.306950509375 0.5859375 0.3298762734375 0.59375 0.3451601171875 0.6025390625 0.3566229984375
1 0.5791015625 0.5807860265625 0.5908203125 0.585880640625 0.6123046875 0.585880640625 0.6259765625 0.57823871875 0.6337890625 0.5705967984375 0.642578125 0.5565866078124999 0.650390625 0.5387554578125 0.65234375 0.5285662296875 0.65234375 0.5183770015625 0.650390625 0.505640465625 0.642578125 0.4827147015625 0.6298828125 0.4687045125 0.6181640625 0.4636098984375 0.6064453125 0.4636098984375 0.5927734375 0.47125181875 0.576171875 0.49799854374999997 0.5703125 0.5132823875 0.568359375 0.523471615625 0.56640625 0.5387554578125 0.568359375 0.5642285296875 0.5703125 0.5693231437499999 0.5791015625 0.5807860265625
1 0.5400390625 0.4865356625 0.5478515625 0.49163027656249997 0.5556640625 0.49163027656249997 0.5693359375 0.4839883546875 0.576171875 0.4750727796875 0.580078125 0.4623362453125 0.580078125 0.44450509531250004 0.576171875 0.434315865625 0.5673828125 0.42285298437499996 0.5634765625 0.4203056765625 0.5458984375 0.4203056765625 0.5341796875 0.43049490468749996 0.529296875 0.4368631734375 0.52734375 0.4419577875 0.52734375 0.46488355156249994 0.529296875 0.47252547343750007 0.5400390625 0.4865356625
1 0.5185546875 0.5731441046875 0.5224609375 0.5756914125 0.5380859375 0.57823871875 0.5478515625 0.5705967984375 0.552734375 0.5642285296875 0.556640625 0.5540393015625 0.55859375 0.5260189234375 0.5498046875 0.5094614265625 0.5361328125 0.5018195046875 0.5205078125 0.5094614265625 0.509765625 0.523471615625 0.505859375 0.5387554578125 0.505859375 0.5438500734375 0.515625 0.5693231437499999 0.5185546875 0.5731441046875
1 0.5068359375 0.6521106265625 0.5126953125 0.6546579328125001 0.5263671875 0.6546579328125001 0.5341796875 0.6495633187500001 0.546875 0.633005821875 0.552734375 0.6202692875 0.552734375 0.6126273656250001 0.548828125 0.597343521875 0.544921875 0.5897016015625 0.5302734375 0.5807860265625 0.5107421875 0.5807860265625 0.5048828125 0.585880640625 0.494140625 0.5998908296875001 0.4921875 0.60498544375 0.4921875 0.6279112078125 0.494140625 0.6355531296875 0.5068359375 0.6521106265625
1 0.4052734375 0.5833333328125 0.4111328125 0.588427946875 0.4169921875 0.5909752546875 0.4267578125 0.5909752546875 0.4345703125 0.588427946875 0.4404296875 0.5833333328125 0.44921875 0.5718704515625 0.453125 0.5616812234374999 0.453125 0.5438500734375 0.451171875 0.5362081515625 0.4423828125 0.5221979625000001 0.4365234375 0.5171033484375 0.4306640625 0.514556040625 0.4189453125 0.514556040625 0.4091796875 0.5196506546874999 0.400390625 0.5311135375 0.396484375 0.5387554578125 0.39453125 0.5463973796875 0.39453125 0.5616812234374999 0.3984375 0.5718704515625 0.4052734375 0.5833333328125
1 0.267578125 0.49799854374999997 0.2802734375 0.514556040625 0.2861328125 0.5171033484375 0.2978515625 0.5171033484375 0.3056640625 0.514556040625 0.314453125 0.503093159375 0.322265625 0.48526200937499997 0.322265625 0.467430859375 0.31640625 0.45214701562500004 0.3037109375 0.440684134375 0.2978515625 0.4381368265625 0.2841796875 0.4381368265625 0.2783203125 0.440684134375 0.267578125 0.4546943234375 0.265625 0.45978893750000005 0.263671875 0.469978165625 0.263671875 0.48526200937499997 0.265625 0.49290392968749996 0.267578125 0.49799854374999997
1 0.2197265625 0.5909752546875 0.2333984375 0.5909752546875 0.2412109375 0.585880640625 0.25 0.5744177578125 0.255859375 0.5616812234374999 0.255859375 0.541302765625 0.248046875 0.523471615625 0.2412109375 0.5171033484375 0.2314453125 0.5171033484375 0.20703125 0.5489446874999999 0.205078125 0.5540393015625 0.205078125 0.5744177578125 0.2080078125 0.5807860265625 0.2197265625 0.5909752546875
1 0.3173828125 0.6470160109374999 0.3349609375 0.6546579328125001 0.3427734375 0.6546579328125001 0.3466796875 0.6521106265625 0.35546875 0.64064774375 0.359375 0.633005821875 0.361328125 0.6253639015625 0.361328125 0.6100800578125 0.359375 0.60498544375 0.3486328125 0.5909752546875 0.3408203125 0.585880640625 0.3232421875 0.585880640625 0.3125 0.597343521875 0.30859375 0.60498544375 0.30859375 0.6202692875 0.3125 0.64064774375 0.3173828125 0.6470160109374999
1 0.3017578125 0.7973071328125 0.3115234375 0.8049490531249999 0.3291015625 0.8049490531249999 0.3388671875 0.7973071328125 0.34375 0.7909388640625 0.3515625 0.7731077140625 0.3515625 0.74763464375 0.34765625 0.7348981078125 0.3369140625 0.72088791875 0.3291015625 0.7157933046875 0.3134765625 0.7157933046875 0.3037109375 0.72088791875 0.29296875 0.7348981078125 0.2890625 0.7450873359375 0.2890625 0.775655021875 0.29296875 0.78584425 0.3017578125 0.7973071328125
1 0.4697265625 0.8151382828125 0.4736328125 0.8176855890624999 0.4892578125 0.8176855890624999 0.4990234375 0.812590975 0.505859375 0.8036754 0.5078125 0.7985807859375 0.5078125 0.775655021875 0.50390625 0.7680131 0.4912109375 0.7540029109375 0.4873046875 0.7514556046875 0.4697265625 0.7514556046875 0.45703125 0.76546579375 0.455078125 0.7705604078125 0.455078125 0.7909388640625 0.462890625 0.8087700140624999 0.4697265625 0.8151382828125
1 0.5205078125 0.8074963609375001 0.5283203125 0.812590975 0.5361328125 0.8151382828125 0.5478515625 0.812590975 0.5517578125 0.81004366875 0.564453125 0.7934861718749999 0.56640625 0.78584425 0.56640625 0.7705604078125 0.5625 0.7603711796875 0.5517578125 0.748908296875 0.5458984375 0.7463609890625 0.5361328125 0.7463609890625 0.5224609375 0.7540029109375 0.513671875 0.76546579375 0.509765625 0.7731077140625 0.509765625 0.7883915578125 0.51171875 0.796033478125 0.5205078125 0.8074963609375001
1 0.55078125 0.701783115625 0.5537109375 0.705604075 0.5615234375 0.710698690625 0.5791015625 0.710698690625 0.5888671875 0.70305676875 0.595703125 0.6941411937499999 0.6015625 0.6788573515625 0.6015625 0.6533842796875 0.59765625 0.6431950515625 0.5908203125 0.6342794765625 0.5810546875 0.6291848609375 0.5634765625 0.6291848609375 0.5576171875 0.6342794765625 0.546875 0.650836971875 0.54296875 0.666120815625 0.54296875 0.67631004375 0.544921875 0.686499271875 0.55078125 0.701783115625
1 0.708984375 0.6381004359375 0.7177734375 0.6470160109374999 0.7216796875 0.6495633187500001 0.7353515625 0.6495633187500001 0.7529296875 0.639374090625 0.76171875 0.6279112078125 0.765625 0.6126273656250001 0.765625 0.597343521875 0.759765625 0.579512371875 0.7490234375 0.5655021828125 0.7412109375 0.56040756875 0.7294921875 0.56040756875 0.7236328125 0.5629548765625 0.7119140625 0.5705967984375 0.703125 0.5820596796874999 0.701171875 0.5871542937500001 0.69921875 0.594796215625 0.69921875 0.6100800578125 0.701171875 0.6202692875 0.708984375 0.6381004359375
1 0.7392578125 0.7310771468749999 0.7509765625 0.7336244546875 0.7626953125 0.728529840625 0.7685546875 0.723435225 0.77734375 0.7119723437500001 0.78125 0.701783115625 0.78125 0.6814046578124999 0.77734375 0.6712154296875 0.7685546875 0.659752546875 0.7646484375 0.657205240625 0.7568359375 0.6546579328125001 0.7470703125 0.6546579328125001 0.7275390625 0.6648471609375 0.720703125 0.6737627359375 0.716796875 0.683951965625 0.716796875 0.701783115625 0.724609375 0.719614265625 0.7392578125 0.7310771468749999
1 0.638671875 0.737445415625 0.6494140625 0.7514556046875 0.6533203125 0.7540029109375 0.6611328125 0.75655021875 0.6728515625 0.7540029109375 0.6767578125 0.7514556046875 0.6875 0.737445415625 0.689453125 0.7323508000000001 0.69140625 0.7247088796875001 0.69140625 0.71451965 0.6875 0.6992358078125 0.6806640625 0.687772925 0.6689453125 0.6801310046875 0.6513671875 0.6801310046875 0.6435546875 0.68522561875 0.638671875 0.6915938859375 0.634765625 0.701783115625 0.6328125 0.7094250359375 0.6328125 0.719614265625 0.634765625 0.7272561859375 0.638671875 0.737445415625
1 0.6259765625 0.840611353125 0.6318359375 0.8457059687499999 0.6396484375 0.848253275 0.6533203125 0.8457059687499999 0.6630859375 0.838064046875 0.673828125 0.8240538578125 0.677734375 0.8087700140624999 0.677734375 0.7985807859375 0.67578125 0.7909388640625 0.669921875 0.7782023296875 0.6611328125 0.7692867546875 0.6494140625 0.7641921390624999 0.6416015625 0.7641921390624999 0.6298828125 0.7692867546875 0.6171875 0.78584425 0.615234375 0.7909388640625 0.61328125 0.7985807859375 0.61328125 0.8164119359375 0.6171875 0.8291484718750001 0.6259765625 0.840611353125
1 0.6982421875 0.812590975 0.7060546875 0.8176855890624999 0.7197265625 0.8176855890624999 0.7236328125 0.8151382828125 0.73046875 0.8062227078124999 0.734375 0.796033478125 0.734375 0.7731077140625 0.728515625 0.7552765640625 0.7197265625 0.7463609890625 0.7080078125 0.741266375 0.6982421875 0.7438136828124999 0.689453125 0.7552765640625 0.685546875 0.76546579375 0.685546875 0.78584425 0.69140625 0.8036754 0.6982421875 0.812590975
1 0.845703125 0.8266011640625001 0.8544921875 0.838064046875 0.8623046875 0.8431586609374999 0.8818359375 0.8431586609374999 0.8916015625 0.8355167390625 0.900390625 0.8240538578125 0.90625 0.8062227078124999 0.90625 0.7909388640625 0.90234375 0.7782023296875 0.8935546875 0.7667394468750001 0.8798828125 0.7590975249999999 0.8642578125 0.7590975249999999 0.8505859375 0.7667394468750001 0.84375 0.775655021875 0.83984375 0.78584425 0.83984375 0.8113173218749999 0.841796875 0.81895924375 0.845703125 0.8266011640625001
1 1 0.78584425 0.9931640625 0.776928675 0.9833984375 0.7718340609375 0.9658203125 0.7718340609375 0.9619140625 0.7743813687500001 0.951171875 0.7883915578125 0.94921875 0.796033478125 0.951171875 0.813864628125 0.955078125 0.8240538578125 0.9619140625 0.8329694328125001 0.9697265625 0.838064046875 0.9873046875 0.838064046875 0.9951171875 0.8329694328125001 1 0.8266011640625001 1 0.78584425
1 0.7783203125 0.9501455609375 0.7958984375 0.9603347890625 0.8115234375 0.9603347890625 0.8193359375 0.9552401749999999 0.82421875 0.94887190625 0.828125 0.9386826781250001 0.828125 0.9208515281249999 0.826171875 0.91320960625 0.8154296875 0.8991994171875 0.8095703125 0.8941048031250001 0.7998046875 0.8890101890625 0.7841796875 0.8864628828125 0.7783203125 0.8890101890625 0.767578125 0.903020378125 0.765625 0.9081149921874999 0.765625 0.92849345 0.76953125 0.9386826781250001 0.7783203125 0.9501455609375
1 0.65625 0.9870815140625 0.6630859375 0.9959970890625 0.6669921875 0.9985443953124999 0.6982421875 0.9985443953124999 0.7021484375 0.9959970890625 0.708984375 0.9870815140625 0.71484375 0.9717976703125 0.71484375 0.9590611359375 0.7109375 0.9463246 0.7021484375 0.9348617171875 0.6943359375 0.9297671031249999 0.6826171875 0.927219796875 0.6650390625 0.9323144109375001 0.6611328125 0.9348617171875 0.654296875 0.9437772921875001 0.65234375 0.94887190625 0.650390625 0.9565138281250001 0.650390625 0.9692503640625001 0.65234375 0.9768922859375 0.65625 0.9870815140625
1 0.7685546875 1 0.775390625 0.9972707421875 0.775390625 0.9947234359375001 0.7685546875 0.9832605531249999 0.7607421875 0.97561863125 0.7490234375 0.9705240171874999 0.7373046875 0.9705240171874999 0.7255859375 0.9781659390625 0.720703125 0.98453420625 0.716796875 0.9947234359375001 0.716796875 0.9972707421875 0.7197265625 1 0.7685546875 1
1 0.2509765625 0.9450509468750001 0.2607421875 0.9501455609375 0.2685546875 0.9501455609375 0.2744140625 0.947598253125 0.283203125 0.936135371875 0.28515625 0.92849345 0.28515625 0.9081149921874999 0.28125 0.8979257640625 0.2724609375 0.8864628828125 0.2646484375 0.8813682671875 0.2529296875 0.8813682671875 0.2451171875 0.8864628828125 0.240234375 0.8928311499999999 0.236328125 0.903020378125 0.234375 0.91320960625 0.236328125 0.9233988359374999 0.240234375 0.93104075625 0.2509765625 0.9450509468750001
1 0.1337890625 0.8966521109375 0.1416015625 0.901746725 0.1591796875 0.901746725 0.169921875 0.8928311499999999 0.173828125 0.8826419218750001 0.17578125 0.8724526921875 0.17578125 0.8622634640625 0.171875 0.846979621875 0.1611328125 0.8329694328125001 0.1513671875 0.82787481875 0.1435546875 0.82787481875 0.1337890625 0.8329694328125001 0.123046875 0.846979621875 0.12109375 0.8546215421875001 0.12109375 0.8699053859375001 0.125 0.8826419218750001 0.1337890625 0.8966521109375
1 0.083984375 0.9972707421875 0.083984375 0.9947234359375001 0.078125 0.9819869000000001 0.0654296875 0.9705240171874999 0.0439453125 0.9705240171874999 0.0400390625 0.973071325 0.03125 0.98453420625 0.029296875 0.9921761281249999 0.0302734375 0.9985443953124999 0.0810546875 1 0.083984375 0.9972707421875
1 0.0439453125 0.73871906875 0.0498046875 0.7438136828124999 0.0615234375 0.748908296875 0.0673828125 0.748908296875 0.0771484375 0.7438136828124999 0.083984375 0.7348981078125 0.08984375 0.7170669578125 0.08984375 0.6941411937499999 0.0859375 0.683951965625 0.0771484375 0.6724890828125 0.0673828125 0.66739446875 0.0576171875 0.6648471609375 0.0419921875 0.6699417765625 0.03125 0.683951965625 0.029296875 0.6890465796874999 0.029296875 0.7094250359375 0.033203125 0.722161571875 0.0439453125 0.73871906875
1 0 0.6890465796874999 0.0009765625 0.6903202328125 0.0087890625 0.6903202328125 0.0126953125 0.687772925 0.025390625 0.6712154296875 0.029296875 0.6610262015624999 0.029296875 0.6431950515625 0.02734375 0.6355531296875 0.0146484375 0.6189956328124999 0.0107421875 0.6164483265625 0.0009765625 0.6164483265625 0 0.6177219796875 0 0.6890465796874999
1 0 0.5846069875000001 0.0029296875 0.585880640625 0.0283203125 0.5629548765625 0.03515625 0.5540393015625 0.03515625 0.53366084375 0.03125 0.523471615625 0.0244140625 0.514556040625 0.0126953125 0.5069141187499999 0.0048828125 0.5069141187499999 0.0009765625 0.5094614265625 0 0.5107350796875 0 0.5846069875000001
1 0 0.469978165625 0.0048828125 0.4737991265625 0.0126953125 0.476346434375 0.0224609375 0.47125181875 0.033203125 0.45978893750000005 0.037109375 0.45214701562500004 0.0390625 0.44450509531250004 0.0390625 0.4368631734375 0.037109375 0.4266739453125 0.0263671875 0.41011644843750006 0.0205078125 0.407569140625 0.0068359375 0.407569140625 0.0009765625 0.4126637546875 0 0.413937409375 0 0.469978165625
1 0.0810546875 0.46615720468750005 0.0947265625 0.476346434375 0.1083984375 0.476346434375 0.1142578125 0.4737991265625 0.126953125 0.4572416296875 0.130859375 0.44705240156250003 0.130859375 0.4241266375 0.123046875 0.4012008734375 0.1181640625 0.39483260625 0.1142578125 0.3922852984375 0.1005859375 0.38719068437500004 0.0908203125 0.38719068437500004 0.0830078125 0.3922852984375 0.07421875 0.40374818125 0.068359375 0.4190320234375 0.068359375 0.4419577875 0.076171875 0.45978893750000005 0.0810546875 0.46615720468750005
1 0.1708984375 0.4687045125 0.1884765625 0.46615720468750005 0.193359375 0.45978893750000005 0.201171875 0.44450509531250004 0.201171875 0.42922125156249996 0.19921875 0.4241266375 0.1953125 0.41648471562499995 0.1865234375 0.405021834375 0.1787109375 0.3999272203125 0.1630859375 0.39483260625 0.1591796875 0.39483260625 0.15625 0.398653565625 0.14453125 0.4190320234375 0.14453125 0.4394104796875 0.1572265625 0.461062590625 0.1708984375 0.4687045125
1 0.5966796875 0.1859534203125 0.6103515625 0.19359534218750002 0.6240234375 0.19359534218750002 0.6298828125 0.191048034375 0.638671875 0.182132459375 0.642578125 0.169395925 0.642578125 0.15665938906250002 0.638671875 0.143922853125 0.6259765625 0.12481804999999999 0.6201171875 0.11972343593749998 0.6103515625 0.11462882031249999 0.5986328125 0.11462882031249999 0.5908203125 0.11972343593749998 0.5859375 0.126091703125 0.58203125 0.13628093125000001 0.58203125 0.1592066953125 0.5859375 0.17194323125 0.5966796875 0.1859534203125
1 0.6904296875 0.20123726406250003 0.6982421875 0.2037845703125 0.7060546875 0.2037845703125 0.7158203125 0.19868995625000002 0.728515625 0.1846797671875 0.73046875 0.1770378453125 0.73046875 0.164301309375 0.728515625 0.15665938906250002 0.7265625 0.151564775 0.7177734375 0.1401018921875 0.7138671875 0.137554584375 0.6982421875 0.137554584375 0.6884765625 0.14519650625 0.6796875 0.15665938906250002 0.677734375 0.161754003125 0.677734375 0.179585153125 0.681640625 0.18977438124999998 0.6904296875 0.20123726406250003
1 0.7919921875 0.3566229984375 0.8017578125 0.3566229984375 0.810546875 0.3451601171875 0.810546875 0.3171397375 0.806640625 0.306950509375 0.7978515625 0.29548762812499996 0.7939453125 0.2929403203125 0.7861328125 0.2929403203125 0.77734375 0.3044032015625 0.775390625 0.30949781718749997 0.775390625 0.3196870453125 0.783203125 0.3477074234375 0.7919921875 0.3566229984375
1 0.82421875 0.3451601171875 0.8349609375 0.35917030625 0.8388671875 0.3617176125 0.8564453125 0.3617176125 0.8642578125 0.3566229984375 0.875 0.342612809375 0.87890625 0.33242358125 0.87890625 0.3171397375 0.876953125 0.30949781718749997 0.87109375 0.2993085875 0.8603515625 0.28784570625 0.8486328125 0.2827510921875 0.8447265625 0.2827510921875 0.8310546875 0.2903930125 0.82421875 0.2993085875 0.8203125 0.30949781718749997 0.818359375 0.3171397375 0.818359375 0.32732896718750004 0.8203125 0.33497088750000004 0.82421875 0.3451601171875
1 0.8076171875 0.25218340625 0.8134765625 0.2547307125 0.8310546875 0.2547307125 0.8349609375 0.25218340625 0.83984375 0.2458151390625 0.8515625 0.21015283906249999 0.849609375 0.197416303125 0.84375 0.187227075 0.8349609375 0.1757641921875 0.8271484375 0.170669578125 0.8134765625 0.170669578125 0.8056640625 0.1757641921875 0.794921875 0.18977438124999998 0.791015625 0.199963609375 0.791015625 0.22543668125 0.796875 0.2407205234375 0.8076171875 0.25218340625
1 0.8642578125 0.27510917031250004 0.8779296875 0.2827510921875 0.8857421875 0.2827510921875 0.8994140625 0.27510917031250004 0.90625 0.2661935953125 0.91015625 0.250909753125 0.908203125 0.233078603125 0.90234375 0.2203420671875 0.8896484375 0.206331878125 0.8837890625 0.2037845703125 0.8740234375 0.2037845703125 0.8642578125 0.21142649218749998 0.85546875 0.2228893734375 0.8515625 0.233078603125 0.8515625 0.2458151390625 0.859375 0.268740903125 0.8642578125 0.27510917031250004
1 1 0.24326783125 0.99609375 0.233078603125 0.9873046875 0.2216157203125 0.9794921875 0.21652110625 0.9697265625 0.2139737984375 0.9541015625 0.2139737984375 0.9404296875 0.224163028125 0.935546875 0.233078603125 0.931640625 0.2483624453125 0.931640625 0.25600436718749997 0.93359375 0.26364628749999997 0.9375 0.2738355171875 0.9482421875 0.28784570625 0.9560546875 0.2929403203125 0.9658203125 0.298034934375 0.9736328125 0.298034934375 0.9794921875 0.29548762812499996 0.9912109375 0.2852983984375 1 0.271288209375 1 0.24326783125
1 0.9365234375 0.43049490468749996 0.9560546875 0.43049490468749996 0.9638671875 0.425400290625 0.9697265625 0.4203056765625 0.978515625 0.40884279531249995 0.984375 0.396106259375 0.984375 0.3910116453125 0.9716796875 0.37700145625000003 0.9619140625 0.369359534375 0.9541015625 0.3668122265625 0.9384765625 0.3668122265625 0.92578125 0.38336972343750003 0.923828125 0.3884643375 0.923828125 0.4113901015625 0.927734375 0.4190320234375 0.9365234375 0.43049490468749996
1 1 0.1490174671875 0.9931640625 0.1401018921875 0.9794921875 0.135007278125 0.9677734375 0.137554584375 0.9638671875 0.1401018921875 0.95703125 0.1490174671875 0.955078125 0.15411208125 0.953125 0.161754003125 0.955078125 0.1770378453125 0.95703125 0.182132459375 0.9658203125 0.19359534218750002 0.9736328125 0.19868995625000002 0.9833984375 0.19868995625000002 0.9912109375 0.1961426484375 1 0.187227075 1 0.1490174671875
1 0.7392578125 0.443231440625 0.7431640625 0.44577874843750004 0.7490234375 0.4483260546875 0.7626953125 0.4483260546875 0.7685546875 0.44577874843750004 0.77734375 0.434315865625 0.779296875 0.42922125156249996 0.7890625 0.396106259375 0.7890625 0.37572780156249996 0.787109375 0.3706331875 0.7763671875 0.3566229984375 0.7724609375 0.3540756921875 0.7548828125 0.3540756921875 0.7470703125 0.35917030625 0.724609375 0.3910116453125 0.72265625 0.396106259375 0.72265625 0.41648471562499995 0.7265625 0.4266739453125 0.7392578125 0.443231440625