1 0.390625 0.434315865625 0.3974609375 0.440684134375 0.4033203125 0.443231440625 0.4169921875 0.443231440625 0.4208984375 0.440684134375 0.431640625 0.4266739453125 0.43359375 0.4190320234375 0.43359375 0.396106259375 0.42578125 0.378275109375 0.4150390625 0.3668122265625 0.4111328125 0.3642649203125 0.3935546875 0.3642649203125 0.384765625 0.3731804953125 0.380859375 0.38336972343750003 0.37890625 0.3910116453125 0.37890625 0.40374818125 0.380859375 0.413937409375 0.390625 0.434315865625
1 0.5107421875 0.440684134375 0.5185546875 0.44577874843750004 0.5244140625 0.44577874843750004 0.5341796875 0.440684134375 0.541015625 0.431768559375 0.544921875 0.4241266375 0.546875 0.41648471562499995 0.546875 0.3935589515625 0.54296875 0.378275109375 0.5322265625 0.3642649203125 0.5263671875 0.3617176125 0.5126953125 0.3617176125 0.5048828125 0.3668122265625 0.49609375 0.380822415625 0.494140625 0.3884643375 0.494140625 0.4062954875 0.498046875 0.4241266375 0.5107421875 0.440684134375
1 0.5869140625 0.407569140625 0.5986328125 0.407569140625 0.6064453125 0.40247452656249993 0.6171875 0.3884643375 0.623046875 0.3706331875 0.623046875 0.3578966515625 0.619140625 0.3477074234375 0.6123046875 0.3387918484375 0.6044921875 0.333697234375 0.5908203125 0.333697234375 0.5869140625 0.3362445421875 0.5703125 0.3578966515625 0.568359375 0.362991265625 0.56640625 0.378275109375 0.5703125 0.3935589515625 0.5771484375 0.40247452656249993 0.5869140625 0.407569140625
1 0.6123046875 0.476346434375 0.6201171875 0.47889374062499995 0.6279296875 0.476346434375 0.6376953125 0.4687045125 0.6484375 0.4546943234375 0.6484375 0.431768559375 0.6396484375 0.41521106249999995 0.6259765625 0.407569140625 0.6201171875 0.407569140625 0.6083984375 0.4126637546875 0.6015625 0.4215793296875 0.59765625 0.431768559375 0.59765625 0.4546943234375 0.599609375 0.45978893750000005 0.6123046875 0.476346434375
1 0.6533203125 0.532387190625 0.6572265625 0.5349344984375 0.6787109375 0.5349344984375 0.6826171875 0.532387190625 0.69140625 0.5209243078125 0.6953125 0.5107350796875 0.6953125 0.49035662343749997 0.693359375 0.4827147015625 0.6845703125 0.47125181875 0.6767578125 0.46615720468750005 0.6630859375 0.46615720468750005 0.6572265625 0.4687045125 0.64453125 0.48526200937499997 0.642578125 0.49035662343749997 0.642578125 0.5107350796875 0.64453125 0.5209243078125 0.6533203125 0.532387190625
1 0.6220703125 0.6368267828125 0.6376953125 0.6368267828125 0.6416015625 0.6342794765625 0.658203125 0.6126273656250001 0.662109375 0.6024381375 0.662109375 0.5846069875000001 0.66015625 0.579512371875 0.6513671875 0.568049490625 0.6474609375 0.5655021828125 0.6279296875 0.5655021828125 0.6201171875 0.568049490625 0.6142578125 0.5731441046875 0.60546875 0.5846069875000001 0.603515625 0.5897016015625 0.6015625 0.6100800578125 0.60546875 0.62281659375 0.6162109375 0.6342794765625 0.6220703125 0.6368267828125
1 0.6884765625 0.6113537124999999 0.6943359375 0.61390101875 0.7041015625 0.61390101875 0.7099609375 0.6113537124999999 0.7158203125 0.606259096875 0.724609375 0.5922489078125001 0.724609375 0.5667758375 0.7138671875 0.5502183406250001 0.7060546875 0.5451237265625 0.6865234375 0.54257641875 0.6826171875 0.5451237265625 0.671875 0.559133915625 0.669921875 0.5667758375 0.669921875 0.5871542937500001 0.67578125 0.5998908296875001 0.6884765625 0.6113537124999999
1 0.7373046875 0.532387190625 0.7431640625 0.5349344984375 0.7548828125 0.5349344984375 0.7666015625 0.5272925765625 0.7734375 0.5183770015625 0.77734375 0.505640465625 0.77734375 0.4827147015625 0.775390625 0.47762008749999996 0.7646484375 0.4636098984375 0.7568359375 0.45851528437500005 0.7451171875 0.45851528437500005 0.7314453125 0.46615720468750005 0.72265625 0.47762008749999996 0.720703125 0.4827147015625 0.720703125 0.505640465625 0.724609375 0.51582969375 0.7373046875 0.532387190625
1 0.6767578125 0.38464337656250003 0.6904296875 0.39737991250000004 0.7041015625 0.39737991250000004 0.7138671875 0.3922852984375 0.72265625 0.38336972343750003 0.728515625 0.36808588124999997 0.73046875 0.3528020375 0.728515625 0.3477074234375 0.7138671875 0.3286026203125 0.6962890625 0.3286026203125 0.6806640625 0.333697234375 0.673828125 0.342612809375 0.669921875 0.35025473125 0.669921875 0.3578966515625 0.673828125 0.378275109375 0.6767578125 0.38464337656250003
1 0.7275390625 0.3387918484375 0.7314453125 0.34133915625 0.7373046875 0.3438864625 0.7490234375 0.3438864625 0.7548828125 0.34133915625 0.765625 0.33242358125 0.7734375 0.31459243125 0.775390625 0.3044032015625 0.775390625 0.29676128125 0.7734375 0.289119359375 0.7626953125 0.27256186250000003 0.7548828125 0.26746724843749997 0.7373046875 0.26746724843749997 0.7314453125 0.27001455625 0.72265625 0.27893013125 0.71875 0.289119359375 0.716796875 0.3044032015625 0.716796875 0.3171397375 0.720703125 0.3298762734375 0.7275390625 0.3387918484375
1 0.6318359375 0.3489810765625 0.6455078125 0.351528384375 0.6611328125 0.34133915625 0.6640625 0.3375181953125 0.66796875 0.3120451234375 0.662109375 0.2916666671875 0.6552734375 0.2827510921875 0.6494140625 0.277656478125 0.6416015625 0.277656478125 0.6318359375 0.280203784375 0.623046875 0.289119359375 0.62109375 0.3018558953125 0.62109375 0.3298762734375 0.626953125 0.342612809375 0.6318359375 0.3489810765625
1 0.6669921875 0.27001455625 0.6787109375 0.27510917031250004 0.6845703125 0.27510917031250004 0.6923828125 0.27256186250000003 0.703125 0.26109898125000003 0.70703125 0.25345705937499996 0.708984375 0.2458151390625 0.708984375 0.2305312953125 0.705078125 0.21779475937499998 0.6982421875 0.20887918437500003 0.6904296875 0.2037845703125 0.6748046875 0.2037845703125 0.6650390625 0.21142649218749998 0.66015625 0.21779475937499998 0.654296875 0.233078603125 0.654296875 0.2483624453125 0.65625 0.25600436718749997 0.6669921875 0.27001455625
1 0.6005859375 0.26746724843749997 0.6083984375 0.27256186250000003 0.6220703125 0.27256186250000003 0.6328125 0.2661935953125 0.640625 0.250909753125 0.642578125 0.2407205234375 0.642578125 0.2203420671875 0.638671875 0.20760553124999997 0.6298828125 0.1961426484375 0.6201171875 0.191048034375 0.6123046875 0.191048034375 0.6025390625 0.1961426484375 0.5966796875 0.20123726406250003 0.58984375 0.2127001453125 0.5859375 0.2228893734375 0.5859375 0.2407205234375 0.58984375 0.25345705937499996 0.6005859375 0.26746724843749997
1 0.5927734375 0.1655749640625 0.6025390625 0.173216884375 0.6298828125 0.173216884375 0.6337890625 0.170669578125 0.64453125 0.15665938906250002 0.650390625 0.1388282390625 0.650390625 0.12863901093750002 0.64453125 0.11080786093749999 0.6298828125 0.09170305625 0.6240234375 0.08915575 0.6064453125 0.08915575 0.6005859375 0.09170305625 0.587890625 0.108260553125 0.583984375 0.11590247499999999 0.58203125 0.1209970890625 0.58203125 0.143922853125 0.583984375 0.151564775 0.5927734375 0.1655749640625
1 0.5263671875 0.1757641921875 0.5322265625 0.18085880625 0.5419921875 0.18340611406250001 0.5537109375 0.1783115 0.5625 0.1668486171875 0.568359375 0.1490174671875 0.568359375 0.1388282390625 0.564453125 0.1209970890625 0.5576171875 0.1120815140625 0.5517578125 0.1069869 0.5458984375 0.10443959218750001 0.5341796875 0.10443959218750001 0.5302734375 0.1069869 0.51953125 0.1209970890625 0.517578125 0.126091703125 0.515625 0.14137554531250002 0.517578125 0.1592066953125 0.521484375 0.169395925 0.5263671875 0.1757641921875
1 0.46484375 0.108260553125 0.4736328125 0.11972343593749998 0.4833984375 0.12481804999999999 0.4970703125 0.12481804999999999 0.5009765625 0.1222707421875 0.509765625 0.11080786093749999 0.515625 0.0929767109375 0.515625 0.0776928671875 0.513671875 0.07005094687499999 0.4970703125 0.0483988359375 0.4853515625 0.043304221875 0.4755859375 0.045851528125 0.4677734375 0.0509461421875 0.4609375 0.059861717187499996 0.458984375 0.06495633125 0.45703125 0.072598253125 0.45703125 0.08788209531249999 0.458984375 0.0955240171875 0.46484375 0.108260553125
1 0.7255859375 0.20123726406250003 0.7353515625 0.20123726406250003 0.7451171875 0.19868995625000002 0.7529296875 0.19359534218750002 0.76171875 0.179585153125 0.76171875 0.164301309375 0.7578125 0.15665938906250002 0.7529296875 0.1502911203125 0.7490234375 0.14774381406249998 0.7392578125 0.14519650625 0.7275390625 0.14774381406249998 0.7158203125 0.15283842812499998 0.708984375 0.161754003125 0.70703125 0.1668486171875 0.705078125 0.1770378453125 0.708984375 0.187227075 0.7158203125 0.1961426484375 0.7255859375 0.20123726406250003
1 0.6669921875 0.1222707421875 0.6748046875 0.12736535625 0.6923828125 0.12736535625 0.7001953125 0.1222707421875 0.708984375 0.11080786093749999 0.7109375 0.1057132453125 0.7109375 0.08788209531249999 0.708984375 0.080240175 0.70703125 0.0751455609375 0.6962890625 0.063682678125 0.6865234375 0.0585880640625 0.6767578125 0.0585880640625 0.6669921875 0.063682678125 0.66015625 0.072598253125 0.658203125 0.0776928671875 0.658203125 0.1057132453125 0.662109375 0.11590247499999999 0.6669921875 0.1222707421875
1 0.7412109375 0.11972343593749998 0.7470703125 0.1222707421875 0.7568359375 0.1222707421875 0.7705078125 0.11462882031249999 0.7734375 0.11080786093749999 0.77734375 0.098071325 0.779296875 0.08278748124999999 0.77734375 0.07005094687499999 0.7666015625 0.056040756250000004 0.7607421875 0.05349345 0.7431640625 0.05349345 0.7392578125 0.056040756250000004 0.732421875 0.06495633125 0.728515625 0.0751455609375 0.7265625 0.0853347890625 0.728515625 0.10061863124999999 0.73046875 0.1057132453125 0.7412109375 0.11972343593749998
1 0.8173828125 0.15793304218749998 0.8251953125 0.16302765624999999 0.8447265625 0.16302765624999999 0.8486328125 0.16048035 0.857421875 0.1490174671875 0.859375 0.14137554531250002 0.859375 0.12863901093750002 0.85546875 0.11844978125000001 0.8427734375 0.1018922859375 0.8388671875 0.09934497812500001 0.8232421875 0.09934497812500001 0.8193359375 0.1018922859375 0.810546875 0.11335516718750001 0.80859375 0.11844978125000001 0.80859375 0.14137554531250002 0.8125 0.151564775 0.8173828125 0.15793304218749998
1 0.8955078125 0.18340611406250001 0.8994140625 0.1859534203125 0.9169921875 0.1859534203125 0.9267578125 0.1783115 0.931640625 0.17194323125 0.93359375 0.164301309375 0.93359375 0.1490174671875 0.931640625 0.1311863171875 0.927734375 0.1209970890625 0.9228515625 0.11462882031249999 0.9150390625 0.10953420625000002 0.8994140625 0.1069869 0.8916015625 0.10953420625000002 0.8828125 0.1209970890625 0.880859375 0.126091703125 0.87890625 0.13628093125000001 0.880859375 0.161754003125 0.884765625 0.17194323125 0.8955078125 0.18340611406250001
1 0.9560546875 0.1222707421875 0.9599609375 0.12481804999999999 0.9775390625 0.12481804999999999 0.9833984375 0.1222707421875 0.9921875 0.11335516718750001 0.99609375 0.098071325 0.99609375 0.090429403125 0.994140625 0.080240175 0.990234375 0.07005094687499999 0.9833984375 0.061135371875 0.9755859375 0.056040756250000004 0.9658203125 0.05349345 0.9580078125 0.0585880640625 0.94921875 0.07005094687499999 0.9453125 0.080240175 0.9453125 0.1057132453125 0.947265625 0.11080786093749999 0.9560546875 0.1222707421875
1 0.9111328125 0 0.91015625 0.001273653125 0.90625 0.0114628828125 0.90625 0.019104803125 0.91015625 0.02929403125 0.9150390625 0.0356623 0.9287109375 0.045851528125 0.9462890625 0.045851528125 0.9560546875 0.040756914062499996 0.96484375 0.026746725 0.966796875 0.019104803125 0.966796875 0.0063682671875 0.9619140625 0 0.9111328125 0
1 0.8369140625 0 0.833984375 0.0038209609375000004 0.833984375 0.016557496875 0.8359375 0.0241994171875 0.8466796875 0.03820960625 0.8505859375 0.040756914062499996 0.8583984375 0.043304221875 0.8740234375 0.043304221875 0.8818359375 0.03820960625 0.890625 0.026746725 0.892578125 0.0216521109375 0.892578125 0.0114628828125 0.8837890625 0 0.8369140625 0
1 0.7958984375 0.0687772921875 0.8134765625 0.0687772921875 0.8212890625 0.063682678125 0.826171875 0.057314410937500004 0.828125 0.049672489062500005 0.828125 0.0394832609375 0.818359375 0.014010189062500001 0.8115234375 0.0050946140625 0.8076171875 0.0025473078125 0.7880859375 0.0025473078125 0.7841796875 0.0050946140625 0.77734375 0.014010189062500001 0.775390625 0.0216521109375 0.775390625 0.044577875 0.7841796875 0.061135371875 0.7958984375 0.0687772921875
1 0.6884765625 0 0.6875 0.001273653125 0.685546875 0.0063682671875 0.685546875 0.019104803125 0.6875 0.0241994171875 0.6962890625 0.0356623 0.7041015625 0.040756914062499996 0.7216796875 0.040756914062499996 0.7275390625 0.03820960625 0.7333984375 0.0331149921875 0.744140625 0.019104803125 0.744140625 0.0114628828125 0.7421875 0.0063682671875 0.7373046875 0 0.6884765625 0
1 0.6103515625 0 0.609375 0.001273653125 0.607421875 0.008915575 0.611328125 0.0216521109375 0.6201171875 0.0305676859375 0.6298828125 0.0356623 0.6474609375 0.0356623 0.6533203125 0.0331149921875 0.6591796875 0.028020378125000002 0.666015625 0.019104803125 0.66796875 0.014010189062500001 0.66796875 0.0038209609375000004 0.6650390625 0 0.6103515625 0
1 0.4228515625 0.34133915625 0.4267578125 0.3438864625 0.4482421875 0.3438864625 0.4521484375 0.34133915625 0.4609375 0.3298762734375 0.46484375 0.3222343515625 0.466796875 0.3120451234375 0.466796875 0.2916666671875 0.46484375 0.2840247453125 0.4560546875 0.27256186250000003 0.4521484375 0.27001455625 0.4462890625 0.26746724843749997 0.4345703125 0.26746724843749997 0.4287109375 0.27001455625 0.4248046875 0.27256186250000003 0.416015625 0.2840247453125 0.412109375 0.2916666671875 0.41015625 0.2993085875 0.41015625 0.3196870453125 0.4140625 0.3298762734375 0.4228515625 0.34133915625
1 0.513671875 0.737445415625 0.5205078125 0.7463609890625 0.5302734375 0.7540029109375 0.5361328125 0.75655021875 0.5517578125 0.75655021875 0.5576171875 0.7540029109375 0.5634765625 0.748908296875 0.572265625 0.737445415625 0.578125 0.722161571875 0.578125 0.6992358078125 0.576171875 0.6915938859375 0.5703125 0.6788573515625 0.5615234375 0.6699417765625 0.5478515625 0.6622998546875001 0.5322265625 0.6622998546875001 0.5263671875 0.6648471609375 0.5205078125 0.6699417765625 0.51171875 0.6814046578124999 0.509765625 0.686499271875 0.5078125 0.6941411937499999 0.5078125 0.722161571875 0.509765625 0.72980349375 0.513671875 0.737445415625
1 0.4404296875 0.728529840625 0.4599609375 0.728529840625 0.4677734375 0.723435225 0.4765625 0.71451965 0.482421875 0.6966885 0.482421875 0.6737627359375 0.48046875 0.666120815625 0.4658203125 0.6470160109374999 0.4599609375 0.641921396875 0.4541015625 0.639374090625 0.4443359375 0.639374090625 0.4384765625 0.641921396875 0.4248046875 0.6546579328125001 0.41796875 0.668668121875 0.416015625 0.683951965625 0.419921875 0.7068777296875 0.4326171875 0.723435225 0.4404296875 0.728529840625
1 0.3779296875 0.776928675 0.3818359375 0.7794759828125 0.4013671875 0.7794759828125 0.4052734375 0.776928675 0.416015625 0.7629184859375 0.419921875 0.7552765640625 0.419921875 0.7272561859375 0.41796875 0.722161571875 0.4091796875 0.713245996875 0.4033203125 0.710698690625 0.3896484375 0.713245996875 0.3798828125 0.7183406109375 0.37109375 0.72980349375 0.369140625 0.7348981078125 0.369140625 0.7629184859375 0.37109375 0.7680131 0.3779296875 0.776928675
1 0.591796875 0.7705604078125 0.6044921875 0.7820232890625001 0.6220703125 0.7820232890625001 0.6259765625 0.7794759828125 0.638671875 0.7629184859375 0.640625 0.757823871875 0.642578125 0.75018195 0.642578125 0.7348981078125 0.640625 0.7272561859375 0.638671875 0.722161571875 0.6318359375 0.713245996875 0.6240234375 0.7081513828125 0.6064453125 0.7081513828125 0.5986328125 0.713245996875 0.58984375 0.7247088796875001 0.587890625 0.72980349375 0.5859375 0.737445415625 0.5859375 0.7527292578125 0.587890625 0.7603711796875 0.591796875 0.7705604078125
1 0.5810546875 0.8635371171875 0.5908203125 0.8711790390624999 0.6103515625 0.8711790390624999 0.6142578125 0.8686317328125 0.625 0.8546215421875001 0.626953125 0.849526928125 0.626953125 0.8240538578125 0.623046875 0.8113173218749999 0.6123046875 0.7973071328125 0.6044921875 0.79221251875 0.5869140625 0.79221251875 0.5771484375 0.7998544390625 0.572265625 0.8087700140624999 0.5703125 0.8164119359375 0.5703125 0.8418850078125001 0.578125 0.8597161578125 0.5810546875 0.8635371171875
1 0.6826171875 0.8074963609375001 0.6884765625 0.81004366875 0.7021484375 0.81004366875 0.7138671875 0.802401746875 0.72265625 0.7909388640625 0.724609375 0.78584425 0.724609375 0.7603711796875 0.72265625 0.7552765640625 0.7119140625 0.741266375 0.7041015625 0.7361717609375 0.6865234375 0.7361717609375 0.6787109375 0.741266375 0.66796875 0.7552765640625 0.666015625 0.7603711796875 0.666015625 0.78584425 0.669921875 0.796033478125 0.6826171875 0.8074963609375001
1 0.7392578125 0.72088791875 0.7470703125 0.7259825328125 0.7548828125 0.728529840625 0.7685546875 0.7259825328125 0.7724609375 0.723435225 0.78125 0.7119723437500001 0.78515625 0.7043304218750001 0.787109375 0.6966885 0.787109375 0.67631004375 0.78515625 0.668668121875 0.783203125 0.6635735078125 0.7705078125 0.6495633187500001 0.7626953125 0.6470160109374999 0.7548828125 0.6470160109374999 0.7490234375 0.6495633187500001 0.7412109375 0.6546579328125001 0.73046875 0.668668121875 0.728515625 0.67631004375 0.728515625 0.701783115625 0.734375 0.71451965 0.7392578125 0.72088791875
1 0.7841796875 0.6444687046875 0.7919921875 0.6495633187500001 0.8076171875 0.6495633187500001 0.8173828125 0.6444687046875 0.830078125 0.6279112078125 0.83203125 0.62281659375 0.83203125 0.6126273656250001 0.828125 0.594796215625 0.8193359375 0.5833333328125 0.8076171875 0.5756914125 0.7978515625 0.5756914125 0.7880859375 0.5807860265625 0.77734375 0.594796215625 0.775390625 0.5998908296875001 0.7734375 0.6075327515625 0.7734375 0.62281659375 0.78125 0.64064774375 0.7841796875 0.6444687046875
1 0.787109375 0.5540393015625 0.7978515625 0.568049490625 0.8095703125 0.568049490625 0.8154296875 0.5655021828125 0.8212890625 0.56040756875 0.830078125 0.5489446874999999 0.83203125 0.5438500734375 0.833984375 0.5362081515625 0.833984375 0.523471615625 0.828125 0.5081877734375 0.8212890625 0.4992721984375 0.8173828125 0.496724890625 0.8115234375 0.49417758437500003 0.8017578125 0.49417758437500003 0.7919921875 0.5018195046875 0.78515625 0.5107350796875 0.783203125 0.51582969375 0.78125 0.5260189234375 0.78125 0.5362081515625 0.783203125 0.5438500734375 0.787109375 0.5540393015625
1 0.849609375 0.6814046578124999 0.8623046875 0.695414846875 0.8681640625 0.6979621546875 0.8798828125 0.6979621546875 0.8876953125 0.695414846875 0.8916015625 0.692867540625 0.904296875 0.67631004375 0.908203125 0.666120815625 0.908203125 0.648289665625 0.904296875 0.6381004359375 0.8916015625 0.624090246875 0.8837890625 0.6189956328124999 0.8662109375 0.6189956328124999 0.8564453125 0.624090246875 0.845703125 0.6381004359375 0.84375 0.648289665625 0.84375 0.6635735078125 0.845703125 0.6712154296875 0.849609375 0.6814046578124999
1 0.8193359375 0.802401746875 0.8330078125 0.8049490531249999 0.8466796875 0.7998544390625 0.8505859375 0.7973071328125 0.859375 0.78584425 0.86328125 0.775655021875 0.86328125 0.7603711796875 0.8564453125 0.748908296875 0.8466796875 0.741266375 0.8408203125 0.73871906875 0.8291015625 0.73871906875 0.8154296875 0.7463609890625 0.810546875 0.7527292578125 0.8046875 0.7629184859375 0.8046875 0.7807496359375 0.8125 0.796033478125 0.8193359375 0.802401746875
1 0.8837890625 0.873726346875 0.8896484375 0.876273653125 0.9013671875 0.876273653125 0.9091796875 0.8711790390624999 0.916015625 0.8622634640625 0.919921875 0.8520742359375 0.921875 0.8418850078125001 0.921875 0.8316957781250001 0.91796875 0.8164119359375 0.9130859375 0.81004366875 0.9013671875 0.802401746875 0.8857421875 0.802401746875 0.8818359375 0.8049490531249999 0.873046875 0.8164119359375 0.87109375 0.82150655 0.869140625 0.8291484718750001 0.869140625 0.8444323140625001 0.873046875 0.8597161578125 0.8837890625 0.873726346875
1 1 0.65847889375 0.9990234375 0.657205240625 0.9912109375 0.6546579328125001 0.9755859375 0.6546579328125001 0.9697265625 0.657205240625 0.9658203125 0.659752546875 0.955078125 0.6737627359375 0.951171875 0.683951965625 0.94921875 0.6941411937499999 0.951171875 0.7094250359375 0.955078125 0.722161571875 0.9658203125 0.741266375 0.9755859375 0.748908296875 0.9931640625 0.748908296875 1 0.7450873359375 1 0.65847889375
1 0.849609375 0.6814046578124999 0.8623046875 0.695414846875 0.8681640625 0.6979621546875 0.8798828125 0.6979621546875 0.8876953125 0.695414846875 0.8916015625 0.692867540625 0.904296875 0.67631004375 0.908203125 0.666120815625 0.908203125 0.650836971875 0.904296875 0.6381004359375 0.8916015625 0.624090246875 0.8837890625 0.6189956328124999 0.8662109375 0.6189956328124999 0.8564453125 0.624090246875 0.845703125 0.6381004359375 0.84375 0.648289665625 0.84375 0.6635735078125 0.845703125 0.6712154296875 0.849609375 0.6814046578124999
1 0.9111328125 0.39483260625 0.9228515625 0.3999272203125 0.9287109375 0.3999272203125 0.9462890625 0.3922852984375 0.95703125 0.378275109375 0.9609375 0.36553857343749996 0.9609375 0.360443959375 0.958984375 0.3553493453125 0.9482421875 0.34133915625 0.9326171875 0.3362445421875 0.9169921875 0.34133915625 0.904296875 0.3578966515625 0.90234375 0.36553857343749996 0.90234375 0.37572780156249996 0.90625 0.3884643375 0.9111328125 0.39483260625
1 1 0.3120451234375 0.9990234375 0.3107714703125 0.9873046875 0.3107714703125 0.9833984375 0.31331877656249996 0.970703125 0.3298762734375 0.96875 0.33497088750000004 0.966796875 0.342612809375 0.966796875 0.3578966515625 0.970703125 0.3706331875 0.9794921875 0.3820960703125 0.9873046875 0.38719068437500004 0.9990234375 0.38719068437500004 1 0.38591703125 1 0.3120451234375
1 1 0.199963609375 0.9990234375 0.19868995625000002 0.9931640625 0.19359534218750002 0.9873046875 0.191048034375 0.9716796875 0.191048034375 0.9677734375 0.19359534218750002 0.95703125 0.20760553124999997 0.955078125 0.2127001453125 0.953125 0.2203420671875 0.953125 0.235625909375 0.95703125 0.2483624453125 0.9658203125 0.259825328125 0.9736328125 0.26491994218750003 0.9912109375 0.26491994218750003 1 0.2585516734375 1 0.199963609375
1 0.8193359375 0.48908296875 0.8408203125 0.4737991265625 0.8515625 0.4623362453125 0.85546875 0.4546943234375 0.859375 0.4419577875 0.859375 0.4266739453125 0.857421875 0.4215793296875 0.8466796875 0.407569140625 0.8408203125 0.40247452656249993 0.8330078125 0.3999272203125 0.8193359375 0.405021834375 0.7919921875 0.4203056765625 0.783203125 0.431768559375 0.78125 0.4368631734375 0.779296875 0.44705240156250003 0.78515625 0.47252547343750007 0.8037109375 0.48908296875 0.8193359375 0.48908296875
1 0.1611328125 0.3387918484375 0.1748046875 0.3438864625 0.1904296875 0.3438864625 0.1982421875 0.3387918484375 0.20703125 0.32732896718750004 0.212890625 0.3120451234375 0.212890625 0.2993085875 0.208984375 0.289119359375 0.2001953125 0.27510917031250004 0.1884765625 0.26491994218750003 0.1689453125 0.26491994218750003 0.1650390625 0.26746724843749997 0.15234375 0.2814774375 0.1484375 0.2916666671875 0.146484375 0.3018558953125 0.146484375 0.3196870453125 0.150390625 0.32732896718750004 0.1611328125 0.3387918484375
1 0.1826171875 0.42794759843749997 0.1884765625 0.43049490468749996 0.2001953125 0.43049490468749996 0.2060546875 0.42794759843749997 0.216796875 0.413937409375 0.22265625 0.398653565625 0.22265625 0.3884643375 0.220703125 0.380822415625 0.21875 0.37572780156249996 0.2099609375 0.3642649203125 0.1962890625 0.35917030625 0.1884765625 0.35917030625 0.1826171875 0.3617176125 0.1767578125 0.3668122265625 0.171875 0.37572780156249996 0.16796875 0.38591703125 0.16796875 0.4062954875 0.173828125 0.4190320234375 0.1826171875 0.42794759843749997
1 0.1884765625 0.5094614265625 0.1943359375 0.5120087343749999 0.2041015625 0.5120087343749999 0.2099609375 0.5094614265625 0.21875 0.49545123750000003 0.22265625 0.48016739375000006 0.220703125 0.469978165625 0.216796875 0.4623362453125 0.2138671875 0.45851528437500005 0.2060546875 0.4534206703125 0.1943359375 0.4534206703125 0.1884765625 0.4559679765625 0.181640625 0.46488355156249994 0.177734375 0.4750727796875 0.177734375 0.49035662343749997 0.181640625 0.5005458515625001 0.1884765625 0.5094614265625
1 0.2587890625 0.4483260546875 0.2685546875 0.4508733625 0.2802734375 0.443231440625 0.291015625 0.42922125156249996 0.291015625 0.4062954875 0.2890625 0.4012008734375 0.2822265625 0.3922852984375 0.2783203125 0.389737990625 0.2724609375 0.389737990625 0.2587890625 0.39737991250000004 0.251953125 0.40884279531249995 0.25 0.413937409375 0.25 0.434315865625 0.251953125 0.4394104796875 0.2587890625 0.4483260546875
1 0.2490234375 0.585880640625 0.2607421875 0.5909752546875 0.2666015625 0.5909752546875 0.2724609375 0.588427946875 0.283203125 0.5744177578125 0.287109375 0.5642285296875 0.287109375 0.5489446874999999 0.28125 0.53366084375 0.2724609375 0.5221979625000001 0.2646484375 0.5171033484375 0.2529296875 0.5171033484375 0.2470703125 0.5196506546874999 0.236328125 0.53366084375 0.232421875 0.5438500734375 0.232421875 0.559133915625 0.236328125 0.5718704515625 0.2490234375 0.585880640625
1 0.2509765625 0.677583696875 0.2568359375 0.6801310046875 0.2646484375 0.6801310046875 0.2705078125 0.677583696875 0.2783203125 0.6724890828125 0.287109375 0.6610262015624999 0.29296875 0.6457423578125 0.29296875 0.6177219796875 0.2841796875 0.6011644828125 0.2763671875 0.59606986875 0.2626953125 0.59606986875 0.2568359375 0.5986171765625 0.2470703125 0.6088064046875 0.240234375 0.6202692875 0.236328125 0.630458515625 0.236328125 0.648289665625 0.2421875 0.666120815625 0.2509765625 0.677583696875
1 0.2314453125 0.748908296875 0.2353515625 0.7514556046875 0.2412109375 0.7540029109375 0.2529296875 0.7514556046875 0.2646484375 0.741266375 0.2734375 0.7247088796875001 0.275390625 0.7170669578125 0.275390625 0.701783115625 0.2734375 0.6966885 0.2646484375 0.68522561875 0.2548828125 0.6826783109375001 0.2294921875 0.6903202328125 0.22265625 0.6966885 0.220703125 0.701783115625 0.220703125 0.7323508000000001 0.22265625 0.737445415625 0.2314453125 0.748908296875
1 0.1259765625 0.812590975 0.1337890625 0.8176855890624999 0.1494140625 0.8176855890624999 0.1572265625 0.812590975 0.162109375 0.8062227078124999 0.16796875 0.7909388640625 0.16796875 0.7731077140625 0.1640625 0.7629184859375 0.1591796875 0.75655021875 0.1533203125 0.7514556046875 0.1455078125 0.748908296875 0.1357421875 0.748908296875 0.1220703125 0.75655021875 0.1171875 0.7629184859375 0.11328125 0.7731077140625 0.11328125 0.7934861718749999 0.115234375 0.7985807859375 0.1259765625 0.812590975
1 0.0556640625 0.8049490531249999 0.0634765625 0.81004366875 0.0791015625 0.81004366875 0.0888671875 0.8049490531249999 0.09765625 0.7934861718749999 0.103515625 0.7782023296875 0.103515625 0.757823871875 0.099609375 0.74763464375 0.0927734375 0.73871906875 0.0869140625 0.7336244546875 0.0810546875 0.7310771468749999 0.0673828125 0.7310771468749999 0.0556640625 0.73871906875 0.048828125 0.74763464375 0.04296875 0.7629184859375 0.04296875 0.7807496359375 0.046875 0.7934861718749999 0.0556640625 0.8049490531249999
1 0 0.757823871875 0.0029296875 0.7616448328125001 0.0107421875 0.7641921390624999 0.0205078125 0.7616448328125001 0.0244140625 0.7590975249999999 0.03125 0.75018195 0.037109375 0.737445415625 0.037109375 0.7119723437500001 0.03515625 0.7068777296875 0.0263671875 0.695414846875 0.0224609375 0.692867540625 0.0146484375 0.6903202328125 0.0048828125 0.6903202328125 0.0009765625 0.692867540625 0 0.6941411937499999 0 0.757823871875
1 0 0.8826419218750001 0.0107421875 0.8890101890625 0.0244140625 0.8890101890625 0.0302734375 0.8864628828125 0.0390625 0.875 0.041015625 0.8699053859375001 0.04296875 0.8597161578125 0.04296875 0.8418850078125001 0.041015625 0.8342430859375 0.037109375 0.8240538578125 0.0244140625 0.81004366875 0.0166015625 0.8049490531249999 0.0087890625 0.8049490531249999 0.0029296875 0.8074963609375001 0 0.8113173218749999 0 0.8826419218750001
1 0 0.5897016015625 0.0009765625 0.5909752546875 0.0068359375 0.588427946875 0.0126953125 0.5833333328125 0.025390625 0.5667758375 0.029296875 0.5540393015625 0.029296875 0.5438500734375 0.025390625 0.5311135375 0.0146484375 0.5171033484375 0.0009765625 0.5120087343749999 0 0.5132823875 0 0.5897016015625
1 0.0419921875 0.47125181875 0.0458984375 0.4737991265625 0.0634765625 0.4737991265625 0.0732421875 0.46615720468750005 0.08203125 0.45214701562500004 0.0859375 0.4394104796875 0.0859375 0.42922125156249996 0.083984375 0.4215793296875 0.0771484375 0.41011644843750006 0.0634765625 0.40247452656249993 0.0498046875 0.40247452656249993 0.0419921875 0.405021834375 0.029296875 0.4215793296875 0.029296875 0.449599709375 0.033203125 0.45978893750000005 0.0419921875 0.47125181875
1 0.0537109375 0.3668122265625 0.0615234375 0.371906840625 0.0712890625 0.371906840625 0.0810546875 0.3668122265625 0.09375 0.35025473125 0.09375 0.32732896718750004 0.091796875 0.3222343515625 0.0810546875 0.3082241625 0.0419921875 0.32350800625 0.041015625 0.32478165937500003 0.041015625 0.3451601171875 0.044921875 0.3553493453125 0.0537109375 0.3668122265625
1 0.0947265625 0.23435225625 0.1025390625 0.2368995640625 0.1142578125 0.23435225625 0.1259765625 0.224163028125 0.130859375 0.21779475937499998 0.134765625 0.20760553124999997 0.134765625 0.182132459375 0.126953125 0.11844978125000001 0.123046875 0.108260553125 0.1123046875 0.09425036406250001 0.1044921875 0.08915575 0.0966796875 0.08915575 0.0927734375 0.09170305625 0.0869140625 0.0967976703125 0.08203125 0.1031659390625 0.080078125 0.108260553125 0.076171875 0.1923216890625 0.078125 0.21015283906249999 0.083984375 0.2228893734375 0.0947265625 0.23435225625
1 0.1591796875 0.12481804999999999 0.1689453125 0.1324599703125 0.1806640625 0.135007278125 0.1904296875 0.1324599703125 0.2021484375 0.12481804999999999 0.21484375 0.11080786093749999 0.21875 0.10061863124999999 0.21875 0.090429403125 0.216796875 0.08278748124999999 0.203125 0.057314410937500004 0.1982421875 0.0509461421875 0.1865234375 0.043304221875 0.1748046875 0.043304221875 0.1669921875 0.0483988359375 0.158203125 0.057314410937500004 0.1484375 0.08278748124999999 0.1484375 0.0929767109375 0.150390625 0.108260553125 0.1591796875 0.12481804999999999
1 0.2021484375 0.2139737984375 0.2080078125 0.21652110625 0.2158203125 0.21652110625 0.2294921875 0.21142649218749998 0.2421875 0.197416303125 0.248046875 0.1846797671875 0.25 0.17194323125 0.248046875 0.151564775 0.2373046875 0.1401018921875 0.2314453125 0.137554584375 0.2236328125 0.137554584375 0.2158203125 0.1401018921875 0.2041015625 0.1502911203125 0.197265625 0.161754003125 0.19140625 0.1770378453125 0.19140625 0.197416303125 0.1953125 0.20760553124999997 0.2021484375 0.2139737984375
1 0.259765625 0.1490174671875 0.2705078125 0.16302765624999999 0.2744140625 0.1655749640625 0.2841796875 0.1655749640625 0.2939453125 0.16048035 0.30078125 0.151564775 0.306640625 0.13628093125000001 0.306640625 0.1209970890625 0.3046875 0.11335516718750001 0.2998046875 0.10443959218750001 0.2900390625 0.0967976703125 0.2744140625 0.0967976703125 0.2666015625 0.1018922859375 0.2578125 0.11844978125000001 0.255859375 0.126091703125 0.255859375 0.13628093125000001 0.2578125 0.143922853125 0.259765625 0.1490174671875
1 0.3369140625 0.1299126640625 0.3408203125 0.1324599703125 0.3525390625 0.135007278125 0.3623046875 0.1299126640625 0.37109375 0.11844978125000001 0.375 0.108260553125 0.375 0.0853347890625 0.37109375 0.072598253125 0.3642578125 0.063682678125 0.3544921875 0.061135371875 0.3466796875 0.061135371875 0.3369140625 0.0662299859375 0.328125 0.0776928671875 0.32421875 0.08788209531249999 0.32421875 0.108260553125 0.328125 0.11844978125000001 0.3369140625 0.1299126640625
1 0.2353515625 0.0713246 0.2490234375 0.0687772921875 0.26171875 0.05476710312500001 0.267578125 0.0420305671875 0.267578125 0.0241994171875 0.263671875 0.014010189062500001 0.2568359375 0.0050946140625 0.2529296875 0.0025473078125 0.2373046875 0.0025473078125 0.2314453125 0.0050946140625 0.22265625 0.016557496875 0.21875 0.0241994171875 0.216796875 0.0318413390625 0.216796875 0.049672489062500005 0.2197265625 0.056040756250000004 0.2353515625 0.0713246
0 0.4794921875 0.28784570625 0.4892578125 0.2827510921875 0.4921875 0.27893013125 0.494140625 0.268740903125 0.4921875 0.2585516734375 0.4873046875 0.25218340625 0.4814453125 0.25218340625 0.470703125 0.2661935953125 0.470703125 0.2814774375 0.4755859375 0.28784570625 0.4794921875 0.28784570625
0 0.2099609375 0.27256186250000003 0.2158203125 0.27256186250000003 0.2216796875 0.27001455625 0.224609375 0.2661935953125 0.228515625 0.25600436718749997 0.2265625 0.2483624453125 0.2216796875 0.241994178125 0.2177734375 0.23944687031249998 0.2119140625 0.23944687031249998 0.205078125 0.2458151390625 0.203125 0.250909753125 0.203125 0.26109898125000003 0.205078125 0.2661935953125 0.2099609375 0.27256186250000003
2 0.3046875 0.5565866078124999 0.3193359375 0.5756914125 0.3291015625 0.5833333328125 0.3408203125 0.588427946875 0.3662109375 0.5909752546875 0.3798828125 0.585880640625 0.3857421875 0.5807860265625 0.400390625 0.5616812234374999 0.404296875 0.55149199375 0.40625 0.541302765625 0.408203125 0.51582969375 0.404296875 0.503093159375 0.392578125 0.48526200937499997 0.3779296875 0.4687045125 0.3603515625 0.461062590625 0.3310546875 0.461062590625 0.3115234375 0.47125181875 0.306640625 0.47762008749999996 0.296875 0.503093159375 0.296875 0.5362081515625 0.298828125 0.5438500734375 0.3046875 0.5565866078124999
1 0.7724609375 0.901746725 0.7783203125 0.9042940312500001 0.7880859375 0.9042940312500001 0.7978515625 0.8966521109375 0.8046875 0.8877365359375 0.806640625 0.8826419218750001 0.806640625 0.8673580781249999 0.8046875 0.8597161578125 0.802734375 0.8546215421875001 0.7900390625 0.838064046875 0.7802734375 0.8329694328125001 0.7724609375 0.8329694328125001 0.7666015625 0.8355167390625 0.755859375 0.8520742359375 0.75390625 0.8622634640625 0.7578125 0.8800946140624999 0.759765625 0.885189228125 0.7724609375 0.901746725
1 0.6689453125 0.97561863125 0.6767578125 0.9807132453125 0.6962890625 0.9807132453125 0.7001953125 0.9781659390625 0.708984375 0.9667030562500001 0.712890625 0.9565138281250001 0.71484375 0.9463246 0.71484375 0.936135371875 0.7109375 0.9233988359374999 0.7001953125 0.909388646875 0.6923828125 0.9042940312500001 0.6767578125 0.9042940312500001 0.6708984375 0.9068413390625001 0.658203125 0.9233988359374999 0.65625 0.92849345 0.65625 0.9539665218750001 0.66015625 0.96415575 0.6689453125 0.97561863125
1 0.7978515625 0.965429403125 0.8037109375 0.9679767109374999 0.8173828125 0.965429403125 0.8310546875 0.9577874812499999 0.8359375 0.94887190625 0.8359375 0.9233988359374999 0.833984375 0.9183042218749999 0.8232421875 0.9042940312500001 0.8193359375 0.901746725 0.8056640625 0.8991994171875 0.8017578125 0.901746725 0.78515625 0.9233988359374999 0.78125 0.9335880640625 0.78125 0.9412299859375001 0.7890625 0.9590611359375 0.7978515625 0.965429403125
1 0.7431640625 0.9959970890625 0.7470703125 0.9985443953124999 0.7607421875 0.9985443953124999 0.7646484375 0.9959970890625 0.7734375 0.98453420625 0.779296875 0.9692503640625001 0.779296875 0.9514192140625 0.7744140625 0.93995633125 0.7646484375 0.9323144109375001 0.7490234375 0.9323144109375001 0.7412109375 0.937409025 0.736328125 0.94887190625 0.732421875 0.9616084421875 0.732421875 0.974344978125 0.736328125 0.9870815140625 0.7431640625 0.9959970890625
1 1 0.8673580781249999 0.9990234375 0.866084425 0.9892578125 0.8609898109375 0.9794921875 0.8609898109375 0.9658203125 0.8686317328125 0.95703125 0.8800946140624999 0.955078125 0.885189228125 0.955078125 0.903020378125 0.9658203125 0.927219796875 0.9716796875 0.9323144109375001 0.9775390625 0.9348617171875 0.9931640625 0.9348617171875 1 0.92849345 1 0.8673580781249999
1 0.9443359375 1 0.955078125 0.9972707421875 0.955078125 0.9896288203125 0.9443359375 0.97561863125 0.9326171875 0.9705240171874999 0.9130859375 0.9705240171874999 0.900390625 0.9819869000000001 0.8984375 0.9870815140625 0.8984375 0.9972707421875 0.9052734375 1 0.9443359375 1