1 0.3291015625 0.31331877656249996 0.3447265625 0.32350800625 0.3525390625 0.32605531249999997 0.3642578125 0.32605531249999997 0.3701171875 0.32350800625 0.380859375 0.30949781718749997 0.384765625 0.3018558953125 0.38671875 0.2916666671875 0.38671875 0.2763828234375 0.384765625 0.268740903125 0.37890625 0.25600436718749997 0.3681640625 0.244541484375 0.3564453125 0.23944687031249998 0.3427734375 0.23944687031249998 0.3310546875 0.244541484375 0.322265625 0.25345705937499996 0.31640625 0.268740903125 0.31640625 0.289119359375 0.3203125 0.3018558953125 0.3291015625 0.31331877656249996
1 0.17578125 0.378275109375 0.1884765625 0.3922852984375 0.2021484375 0.3999272203125 0.2177734375 0.3999272203125 0.2236328125 0.39737991250000004 0.23046875 0.3884643375 0.248046875 0.342612809375 0.25 0.33242358125 0.248046875 0.3171397375 0.2421875 0.3044032015625 0.2333984375 0.2929403203125 0.2236328125 0.2852983984375 0.1962890625 0.2852983984375 0.1865234375 0.2903930125 0.173828125 0.306950509375 0.169921875 0.3171397375 0.16796875 0.32732896718750004 0.16796875 0.3578966515625 0.169921875 0.36553857343749996 0.17578125 0.378275109375
1 0.3994140625 0.54257641875 0.4091796875 0.5476710328125 0.4228515625 0.5476710328125 0.4306640625 0.54257641875 0.435546875 0.5362081515625 0.443359375 0.5209243078125 0.4453125 0.5132823875 0.4453125 0.49799854374999997 0.44140625 0.48526200937499997 0.4306640625 0.47125181875 0.4248046875 0.4687045125 0.4150390625 0.46615720468750005 0.4033203125 0.4687045125 0.392578125 0.48016739375000006 0.38671875 0.49290392968749996 0.384765625 0.5005458515625001 0.384765625 0.5132823875 0.388671875 0.5285662296875 0.3994140625 0.54257641875
1 0.4873046875 0.4381368265625 0.4970703125 0.4381368265625 0.5009765625 0.4355895203125 0.509765625 0.4241266375 0.51171875 0.4190320234375 0.513671875 0.3884643375 0.509765625 0.378275109375 0.5029296875 0.369359534375 0.4951171875 0.3642649203125 0.4833984375 0.3642649203125 0.4755859375 0.369359534375 0.46875 0.378275109375 0.466796875 0.3935589515625 0.46875 0.4012008734375 0.48046875 0.42922125156249996 0.4873046875 0.4381368265625
1 0.4814453125 0.25218340625 0.4873046875 0.2572780203125 0.4931640625 0.259825328125 0.5009765625 0.259825328125 0.5068359375 0.2572780203125 0.515625 0.2458151390625 0.51953125 0.2305312953125 0.51953125 0.20760553124999997 0.515625 0.197416303125 0.5068359375 0.1859534203125 0.4990234375 0.18085880625 0.4873046875 0.18085880625 0.4794921875 0.1859534203125 0.46875 0.2025109171875 0.466796875 0.21015283906249999 0.466796875 0.2228893734375 0.47265625 0.2407205234375 0.4814453125 0.25218340625
1 0.44921875 0.1490174671875 0.4580078125 0.16048035 0.4677734375 0.1655749640625 0.4833984375 0.1655749640625 0.4951171875 0.16048035 0.501953125 0.15411208125 0.5078125 0.1388282390625 0.509765625 0.12863901093750002 0.509765625 0.11844978125000001 0.505859375 0.10061863124999999 0.4912109375 0.08151382812499999 0.4814453125 0.07641921406249999 0.4716796875 0.07641921406249999 0.4638671875 0.078966521875 0.4560546875 0.0840611359375 0.44921875 0.0929767109375 0.443359375 0.1057132453125 0.44140625 0.11590247499999999 0.44140625 0.126091703125 0.443359375 0.13628093125000001 0.44921875 0.1490174671875
1 0.5888671875 0.135007278125 0.5927734375 0.137554584375 0.5986328125 0.1401018921875 0.6123046875 0.1401018921875 0.6181640625 0.137554584375 0.6220703125 0.135007278125 0.6328125 0.1209970890625 0.634765625 0.11590247499999999 0.63671875 0.1057132453125 0.63671875 0.0929767109375 0.634765625 0.08278748124999999 0.6328125 0.0776928671875 0.6220703125 0.063682678125 0.6142578125 0.061135371875 0.6064453125 0.061135371875 0.5927734375 0.0662299859375 0.5869140625 0.0713246 0.576171875 0.0853347890625 0.57421875 0.0929767109375 0.57421875 0.11080786093749999 0.578125 0.1209970890625 0.5888671875 0.135007278125
1 0.56640625 0.2585516734375 0.5751953125 0.27001455625 0.5830078125 0.27510917031250004 0.5986328125 0.27510917031250004 0.6064453125 0.27001455625 0.6171875 0.25600436718749997 0.619140625 0.2483624453125 0.619140625 0.2305312953125 0.615234375 0.21779475937499998 0.6044921875 0.2037845703125 0.5986328125 0.20123726406250003 0.5830078125 0.20123726406250003 0.5771484375 0.2037845703125 0.56640625 0.21779475937499998 0.564453125 0.2228893734375 0.5625 0.235625909375 0.5625 0.2458151390625 0.564453125 0.25345705937499996 0.56640625 0.2585516734375
1 0.6572265625 0.277656478125 0.6650390625 0.280203784375 0.6767578125 0.280203784375 0.6845703125 0.277656478125 0.6923828125 0.27256186250000003 0.701171875 0.26109898125000003 0.703125 0.25600436718749997 0.705078125 0.2458151390625 0.703125 0.233078603125 0.6923828125 0.21906841406250002 0.6845703125 0.2139737984375 0.6787109375 0.21142649218749998 0.6650390625 0.21142649218749998 0.6591796875 0.2139737984375 0.6533203125 0.21906841406250002 0.64453125 0.2305312953125 0.642578125 0.235625909375 0.642578125 0.26109898125000003 0.6474609375 0.27001455625 0.6572265625 0.277656478125
1 0.8095703125 0.20887918437500003 0.8193359375 0.21652110625 0.8251953125 0.21906841406250002 0.8349609375 0.21906841406250002 0.8427734375 0.21652110625 0.853515625 0.20505822343750002 0.859375 0.18977438124999998 0.859375 0.179585153125 0.8515625 0.1592066953125 0.8447265625 0.1502911203125 0.8349609375 0.1426492 0.8193359375 0.1426492 0.8115234375 0.14774381406249998 0.80078125 0.164301309375 0.798828125 0.1744905390625 0.80078125 0.1923216890625 0.8046875 0.2025109171875 0.8095703125 0.20887918437500003
1 0.76171875 0.3298762734375 0.7724609375 0.3438864625 0.7763671875 0.3464337703125 0.7880859375 0.3489810765625 0.7978515625 0.3464337703125 0.8056640625 0.34133915625 0.814453125 0.3298762734375 0.8203125 0.31459243125 0.8203125 0.2942139734375 0.818359375 0.286572053125 0.8095703125 0.27256186250000003 0.7978515625 0.26491994218750003 0.7880859375 0.262372634375 0.7783203125 0.26491994218750003 0.7685546875 0.27256186250000003 0.759765625 0.286572053125 0.7578125 0.2942139734375 0.7578125 0.3171397375 0.759765625 0.32478165937500003 0.76171875 0.3298762734375
1 0.6328125 0.48526200937499997 0.6376953125 0.49163027656249997 0.6494140625 0.4992721984375 0.6650390625 0.4992721984375 0.6787109375 0.49163027656249997 0.685546875 0.4827147015625 0.69140625 0.467430859375 0.69140625 0.44705240156250003 0.6875 0.4368631734375 0.6826171875 0.43049490468749996 0.6689453125 0.4203056765625 0.6494140625 0.4203056765625 0.6416015625 0.425400290625 0.630859375 0.4394104796875 0.62890625 0.44450509531250004 0.626953125 0.45214701562500004 0.626953125 0.467430859375 0.62890625 0.4750727796875 0.6328125 0.48526200937499997
1 0.0947265625 0.2852983984375 0.1162109375 0.3031295484375 0.1279296875 0.3031295484375 0.14453125 0.2840247453125 0.154296875 0.2661935953125 0.15625 0.2585516734375 0.15625 0.233078603125 0.1484375 0.21524745312500002 0.1357421875 0.2037845703125 0.1298828125 0.20123726406250003 0.1162109375 0.20123726406250003 0.1005859375 0.2139737984375 0.091796875 0.2305312953125 0.087890625 0.250909753125 0.087890625 0.2661935953125 0.08984375 0.2738355171875 0.0947265625 0.2852983984375
1 0.0595703125 0.3820960703125 0.0693359375 0.38719068437500004 0.0849609375 0.38719068437500004 0.0927734375 0.3820960703125 0.1015625 0.3706331875 0.10546875 0.362991265625 0.109375 0.35025473125 0.109375 0.33242358125 0.107421875 0.3222343515625 0.103515625 0.31459243125 0.0947265625 0.3031295484375 0.0849609375 0.298034934375 0.0693359375 0.298034934375 0.0556640625 0.30567685624999996 0.046875 0.3196870453125 0.04296875 0.33242358125 0.04296875 0.3528020375 0.046875 0.36553857343749996 0.0595703125 0.3820960703125
1 0.1123046875 0.46615720468750005 0.1259765625 0.4737991265625 0.1376953125 0.4737991265625 0.1474609375 0.4687045125 0.158203125 0.4572416296875 0.166015625 0.4394104796875 0.166015625 0.41648471562499995 0.162109375 0.4062954875 0.1513671875 0.3922852984375 0.1435546875 0.38719068437500004 0.1220703125 0.38719068437500004 0.1103515625 0.39483260625 0.10546875 0.4012008734375 0.099609375 0.413937409375 0.09765625 0.4215793296875 0.09765625 0.434315865625 0.103515625 0.4546943234375 0.1123046875 0.46615720468750005
1 0.0078125 0.5565866078124999 0.0205078125 0.5655021828125 0.0361328125 0.5655021828125 0.0400390625 0.5629548765625 0.048828125 0.55149199375 0.052734375 0.541302765625 0.052734375 0.51582969375 0.05078125 0.5081877734375 0.0400390625 0.49417758437500003 0.0283203125 0.48908296875 0.0185546875 0.48908296875 0.0107421875 0.49417758437500003 0.005859375 0.5005458515625001 0.001953125 0.5107350796875 0.001953125 0.541302765625 0.00390625 0.5489446874999999 0.0078125 0.5565866078124999
1 0.0322265625 0.6724890828125 0.0400390625 0.677583696875 0.0556640625 0.677583696875 0.0595703125 0.675036390625 0.0703125 0.6610262015624999 0.072265625 0.6559315859375 0.072265625 0.633005821875 0.068359375 0.62281659375 0.0595703125 0.61390101875 0.0498046875 0.6088064046875 0.0361328125 0.6088064046875 0.0322265625 0.6113537124999999 0.021484375 0.6253639015625 0.01953125 0.630458515625 0.01953125 0.648289665625 0.0234375 0.6610262015624999 0.0322265625 0.6724890828125
1 0.1201171875 0.639374090625 0.1259765625 0.6444687046875 0.1435546875 0.6444687046875 0.1474609375 0.641921396875 0.15625 0.630458515625 0.16015625 0.6202692875 0.16015625 0.597343521875 0.15625 0.5846069875000001 0.1494140625 0.5756914125 0.1435546875 0.5705967984375 0.1279296875 0.5705967984375 0.1240234375 0.5731441046875 0.11328125 0.5871542937500001 0.111328125 0.5922489078125001 0.111328125 0.6202692875 0.115234375 0.633005821875 0.1201171875 0.639374090625
1 0.16015625 0.5642285296875 0.1708984375 0.57823871875 0.1806640625 0.5833333328125 0.1904296875 0.5833333328125 0.2001953125 0.57823871875 0.205078125 0.5718704515625 0.2109375 0.5540393015625 0.2109375 0.53366084375 0.20703125 0.523471615625 0.1982421875 0.5120087343749999 0.1865234375 0.5043668125 0.1748046875 0.5043668125 0.1669921875 0.5069141187499999 0.158203125 0.5183770015625 0.15625 0.523471615625 0.154296875 0.5311135375 0.154296875 0.5489446874999999 0.15625 0.5565866078124999 0.16015625 0.5642285296875
1 0.2451171875 0.59606986875 0.2607421875 0.59606986875 0.2685546875 0.5909752546875 0.28125 0.5693231437499999 0.283203125 0.559133915625 0.283203125 0.541302765625 0.279296875 0.5311135375 0.2724609375 0.5221979625000001 0.2646484375 0.5171033484375 0.2470703125 0.5171033484375 0.2431640625 0.5196506546874999 0.232421875 0.53366084375 0.228515625 0.5463973796875 0.2265625 0.5667758375 0.228515625 0.5744177578125 0.234375 0.5871542937500001 0.2451171875 0.59606986875
1 0.146484375 0.722161571875 0.1533203125 0.7310771468749999 0.1611328125 0.7361717609375 0.1806640625 0.7361717609375 0.1865234375 0.7336244546875 0.1943359375 0.7259825328125 0.19921875 0.7170669578125 0.201171875 0.7094250359375 0.201171875 0.686499271875 0.197265625 0.67631004375 0.1884765625 0.6648471609375 0.1845703125 0.6622998546875001 0.1787109375 0.659752546875 0.1630859375 0.659752546875 0.1572265625 0.6622998546875001 0.1513671875 0.66739446875 0.14453125 0.67631004375 0.142578125 0.6814046578124999 0.140625 0.6915938859375 0.140625 0.701783115625 0.142578125 0.7119723437500001 0.146484375 0.722161571875
1 0.296875 0.7170669578125 0.3095703125 0.728529840625 0.3212890625 0.728529840625 0.3251953125 0.7259825328125 0.3359375 0.7119723437500001 0.33984375 0.6992358078125 0.33984375 0.6737627359375 0.337890625 0.666120815625 0.33203125 0.6533842796875 0.3251953125 0.6444687046875 0.3212890625 0.641921396875 0.3056640625 0.641921396875 0.2958984375 0.6495633187500001 0.2890625 0.6610262015624999 0.287109375 0.668668121875 0.287109375 0.6915938859375 0.2890625 0.701783115625 0.296875 0.7170669578125
1 0.3466796875 0.7998544390625 0.3525390625 0.802401746875 0.3681640625 0.802401746875 0.3740234375 0.7998544390625 0.3779296875 0.7973071328125 0.388671875 0.78329694375 0.390625 0.7782023296875 0.392578125 0.7705604078125 0.392578125 0.75018195 0.3828125 0.7272561859375 0.3740234375 0.7183406109375 0.3681640625 0.7157933046875 0.3544921875 0.7157933046875 0.3466796875 0.72088791875 0.328125 0.7450873359375 0.326171875 0.7527292578125 0.326171875 0.7705604078125 0.333984375 0.7883915578125 0.3466796875 0.7998544390625
1 0.2333984375 0.8890101890625 0.2373046875 0.8915574968750001 0.2451171875 0.8941048031250001 0.2587890625 0.8915574968750001 0.2666015625 0.8864628828125 0.2734375 0.8775473078125 0.27734375 0.8673580781249999 0.27734375 0.849526928125 0.275390625 0.8418850078125001 0.2734375 0.83679039375 0.2646484375 0.8253275109375 0.2607421875 0.822780203125 0.2548828125 0.8202328968750001 0.2451171875 0.8202328968750001 0.2392578125 0.822780203125 0.2294921875 0.8304221249999999 0.22265625 0.8418850078125001 0.220703125 0.846979621875 0.220703125 0.8699053859375001 0.22265625 0.875 0.2333984375 0.8890101890625
1 0.16015625 0.8393377 0.1728515625 0.8558951968749999 0.1845703125 0.8609898109375 0.1904296875 0.8609898109375 0.2021484375 0.8558951968749999 0.2109375 0.8444323140625001 0.216796875 0.8266011640625001 0.21484375 0.8113173218749999 0.2109375 0.80112809375 0.2041015625 0.79221251875 0.1962890625 0.7871179046875 0.1767578125 0.7871179046875 0.1669921875 0.79221251875 0.158203125 0.8036754 0.15625 0.8113173218749999 0.15625 0.8266011640625001 0.158203125 0.8342430859375 0.16015625 0.8393377
1 0.2294921875 0.9807132453125 0.2548828125 0.9985443953124999 0.2587890625 0.9985443953124999 0.2783203125 0.9832605531249999 0.287109375 0.9717976703125 0.29296875 0.9565138281250001 0.29296875 0.93104075625 0.291015625 0.9233988359374999 0.287109375 0.91320960625 0.2802734375 0.9042940312500001 0.2763671875 0.901746725 0.2294921875 0.9042940312500001 0.2255859375 0.9068413390625001 0.216796875 0.9183042218749999 0.21484375 0.9233988359374999 0.21484375 0.9514192140625 0.21875 0.96415575 0.2294921875 0.9807132453125
1 0.4462890625 0.9577874812499999 0.4580078125 0.965429403125 0.4736328125 0.965429403125 0.4833984375 0.9603347890625 0.494140625 0.9463246 0.498046875 0.936135371875 0.5 0.9233988359374999 0.498046875 0.9106623 0.494140625 0.900473071875 0.4833984375 0.8864628828125 0.4755859375 0.8813682671875 0.4580078125 0.8813682671875 0.4482421875 0.8890101890625 0.44140625 0.8979257640625 0.435546875 0.91320960625 0.435546875 0.9386826781250001 0.439453125 0.94887190625 0.4462890625 0.9577874812499999
1 0.5009765625 0.9985443953124999 0.5537109375 0.9985443953124999 0.5546875 0.9972707421875 0.5546875 0.9896288203125 0.55078125 0.9794395921874999 0.544921875 0.9692503640625001 0.5341796875 0.9552401749999999 0.5283203125 0.9501455609375 0.5224609375 0.947598253125 0.5126953125 0.947598253125 0.5087890625 0.9501455609375 0.5 0.9616084421875 0.49609375 0.9717976703125 0.49609375 0.98453420625 0.498046875 0.9947234359375001 0.5009765625 0.9985443953124999
1 0.5634765625 0.876273653125 0.5712890625 0.8813682671875 0.5869140625 0.8813682671875 0.5927734375 0.8788209609375001 0.6015625 0.8673580781249999 0.60546875 0.8571688500000001 0.60546875 0.8342430859375 0.599609375 0.82150655 0.5927734375 0.812590975 0.5849609375 0.8074963609375001 0.5751953125 0.8049490531249999 0.5654296875 0.81004366875 0.556640625 0.82150655 0.5546875 0.8266011640625001 0.552734375 0.8342430859375 0.552734375 0.8520742359375 0.55859375 0.8699053859375001 0.5634765625 0.876273653125
1 0.5341796875 0.7310771468749999 0.5439453125 0.7361717609375 0.5576171875 0.7361717609375 0.5654296875 0.7310771468749999 0.576171875 0.7170669578125 0.580078125 0.7043304218750001 0.580078125 0.6915938859375 0.57421875 0.6737627359375 0.5654296875 0.6622998546875001 0.5556640625 0.657205240625 0.5419921875 0.657205240625 0.5322265625 0.6622998546875001 0.521484375 0.67631004375 0.51953125 0.6814046578124999 0.51953125 0.7068777296875 0.525390625 0.719614265625 0.5341796875 0.7310771468749999
1 0.5712890625 0.641921396875 0.5791015625 0.6470160109374999 0.5927734375 0.6470160109374999 0.5986328125 0.6444687046875 0.609375 0.633005821875 0.61328125 0.62281659375 0.61328125 0.597343521875 0.609375 0.5871542937500001 0.6005859375 0.5756914125 0.5888671875 0.5705967984375 0.5771484375 0.5731441046875 0.5732421875 0.5756914125 0.5625 0.5897016015625 0.560546875 0.594796215625 0.560546875 0.6202692875 0.56640625 0.6355531296875 0.5712890625 0.641921396875
1 0.6728515625 0.6903202328125 0.6826171875 0.695414846875 0.6982421875 0.695414846875 0.7060546875 0.6903202328125 0.716796875 0.67631004375 0.720703125 0.666120815625 0.720703125 0.648289665625 0.71875 0.64064774375 0.7080078125 0.6266375546875 0.6923828125 0.6189956328124999 0.6806640625 0.6189956328124999 0.6728515625 0.624090246875 0.6640625 0.6355531296875 0.66015625 0.6457423578125 0.66015625 0.666120815625 0.6640625 0.6788573515625 0.6728515625 0.6903202328125
1 0.7587890625 0.7667394468750001 0.7626953125 0.7692867546875 0.7685546875 0.7718340609375 0.7822265625 0.7718340609375 0.7900390625 0.7667394468750001 0.794921875 0.7603711796875 0.80078125 0.74763464375 0.80078125 0.72980349375 0.798828125 0.722161571875 0.7900390625 0.710698690625 0.7783203125 0.70305676875 0.7607421875 0.70305676875 0.7529296875 0.7081513828125 0.748046875 0.71451965 0.74609375 0.719614265625 0.744140625 0.7272561859375 0.74609375 0.7450873359375 0.75 0.7552765640625 0.7587890625 0.7667394468750001
1 0.7197265625 0.8558951968749999 0.7333984375 0.8635371171875 0.7470703125 0.8635371171875 0.7548828125 0.8609898109375 0.7626953125 0.8558951968749999 0.775390625 0.8393377 0.779296875 0.8266011640625001 0.779296875 0.80112809375 0.775390625 0.7934861718749999 0.7607421875 0.7820232890625001 0.7470703125 0.776928675 0.7314453125 0.776928675 0.7255859375 0.7794759828125 0.712890625 0.7934861718749999 0.70703125 0.8062227078124999 0.705078125 0.813864628125 0.705078125 0.8240538578125 0.708984375 0.8393377 0.7197265625 0.8558951968749999
1 0.7421875 0.936135371875 0.7509765625 0.947598253125 0.7548828125 0.9501455609375 0.7626953125 0.9526928671875 0.7744140625 0.9501455609375 0.7861328125 0.93995633125 0.791015625 0.93104075625 0.79296875 0.9233988359374999 0.79296875 0.903020378125 0.791015625 0.8979257640625 0.7822265625 0.8864628828125 0.7744140625 0.8813682671875 0.7548828125 0.8813682671875 0.7509765625 0.883915575 0.7421875 0.8953784578124999 0.740234375 0.900473071875 0.73828125 0.9081149921874999 0.73828125 0.9208515281249999 0.740234375 0.93104075625 0.7421875 0.936135371875
1 0.6884765625 0.9909024750000001 0.7099609375 0.9909024750000001 0.7216796875 0.9832605531249999 0.728515625 0.9717976703125 0.732421875 0.9616084421875 0.73046875 0.94887190625 0.724609375 0.9335880640625 0.7158203125 0.92212518125 0.7080078125 0.9170305671874999 0.6923828125 0.9170305671874999 0.6865234375 0.9195778750000001 0.6806640625 0.9246724890625 0.673828125 0.9335880640625 0.671875 0.9386826781250001 0.669921875 0.9514192140625 0.671875 0.9667030562500001 0.67578125 0.9768922859375 0.6884765625 0.9909024750000001
1 0.8388671875 0.723435225 0.8486328125 0.728529840625 0.8564453125 0.728529840625 0.8701171875 0.72088791875 0.876953125 0.7119723437500001 0.8828125 0.6941411937499999 0.8828125 0.6788573515625 0.876953125 0.6635735078125 0.8740234375 0.659752546875 0.8662109375 0.6546579328125001 0.8564453125 0.6521106265625 0.8486328125 0.6521106265625 0.8388671875 0.657205240625 0.830078125 0.668668121875 0.826171875 0.6788573515625 0.826171875 0.6966885 0.83203125 0.71451965 0.8388671875 0.723435225
1 0.9169921875 0.72088791875 0.9248046875 0.7259825328125 0.9443359375 0.7259825328125 0.9521484375 0.72088791875 0.9609375 0.7094250359375 0.962890625 0.7043304218750001 0.96484375 0.6966885 0.96484375 0.6737627359375 0.962890625 0.666120815625 0.9501953125 0.6495633187500001 0.9365234375 0.6444687046875 0.9248046875 0.6444687046875 0.9150390625 0.6495633187500001 0.904296875 0.6635735078125 0.90234375 0.668668121875 0.900390625 0.6814046578124999 0.904296875 0.6992358078125 0.91015625 0.7119723437500001 0.9169921875 0.72088791875
1 0.8642578125 0.9348617171875 0.8779296875 0.93995633125 0.8876953125 0.937409025 0.900390625 0.9259461421875 0.908203125 0.9081149921874999 0.908203125 0.8902838421875 0.8974609375 0.8711790390624999 0.8916015625 0.866084425 0.8857421875 0.8635371171875 0.8662109375 0.8635371171875 0.8583984375 0.8686317328125 0.8515625 0.8775473078125 0.84765625 0.8877365359375 0.84765625 0.903020378125 0.853515625 0.9208515281249999 0.8642578125 0.9348617171875
1 0.8857421875 0.9985443953124999 0.888671875 0.9947234359375001 0.888671875 0.98453420625 0.8828125 0.9667030562500001 0.8720703125 0.9577874812499999 0.8662109375 0.9552401749999999 0.8447265625 0.9552401749999999 0.8369140625 0.9603347890625 0.83203125 0.9667030562500001 0.830078125 0.9717976703125 0.830078125 0.9947234359375001 0.8330078125 0.9985443953124999 0.8857421875 0.9985443953124999
1 0.91015625 0.6024381375 0.9169921875 0.6113537124999999 0.9248046875 0.6164483265625 0.9423828125 0.6164483265625 0.9560546875 0.606259096875 0.962890625 0.594796215625 0.966796875 0.579512371875 0.966796875 0.5718704515625 0.962890625 0.5565866078124999 0.9560546875 0.5476710328125 0.9482421875 0.54257641875 0.9306640625 0.5400291125 0.9228515625 0.54257641875 0.9150390625 0.5476710328125 0.908203125 0.5565866078124999 0.904296875 0.5667758375 0.904296875 0.5871542937500001 0.90625 0.594796215625 0.91015625 0.6024381375
1 0.9443359375 0.5221979625000001 0.9521484375 0.5272925765625 0.9599609375 0.5298398828125 0.9677734375 0.5298398828125 0.9755859375 0.5272925765625 0.9833984375 0.5221979625000001 0.990234375 0.5132823875 0.99609375 0.49799854374999997 0.998046875 0.4827147015625 0.99609375 0.46488355156249994 0.9921875 0.4546943234375 0.9873046875 0.4483260546875 0.9697265625 0.4381368265625 0.9580078125 0.4381368265625 0.9443359375 0.44577874843750004 0.93359375 0.45978893750000005 0.931640625 0.46488355156249994 0.9296875 0.47252547343750007 0.9296875 0.49545123750000003 0.9375 0.5132823875 0.9443359375 0.5221979625000001
1 1 0.33242358125 0.9912109375 0.3209606984375 0.9794921875 0.31586608437499997 0.9697265625 0.31586608437499997 0.9580078125 0.32350800625 0.953125 0.3298762734375 0.94921875 0.3400655015625 0.94921875 0.362991265625 0.951171875 0.3706331875 0.955078125 0.378275109375 0.9619140625 0.38719068437500004 0.9677734375 0.389737990625 0.9833984375 0.389737990625 0.9873046875 0.38719068437500004 1 0.3706331875 1 0.33242358125
1 0.83984375 0.47252547343750007 0.8505859375 0.4865356625 0.8701171875 0.4865356625 0.8818359375 0.47889374062499995 0.884765625 0.4750727796875 0.888671875 0.46488355156249994 0.888671875 0.4419577875 0.884765625 0.431768559375 0.8759765625 0.4203056765625 0.8564453125 0.41011644843750006 0.8427734375 0.41011644843750006 0.8388671875 0.4126637546875 0.833984375 0.4190320234375 0.83203125 0.4241266375 0.830078125 0.431768559375 0.830078125 0.44450509531250004 0.83203125 0.4546943234375 0.83984375 0.47252547343750007
1 0.7607421875 0.606259096875 0.7666015625 0.6113537124999999 0.7744140625 0.61390101875 0.7861328125 0.61390101875 0.8037109375 0.606259096875 0.810546875 0.597343521875 0.814453125 0.5846069875000001 0.814453125 0.53366084375 0.8056640625 0.5196506546874999 0.7998046875 0.514556040625 0.7919921875 0.5120087343749999 0.7861328125 0.5120087343749999 0.7666015625 0.5171033484375 0.7607421875 0.5196506546874999 0.7548828125 0.52474526875 0.74609375 0.541302765625 0.744140625 0.55149199375 0.744140625 0.5744177578125 0.75 0.5922489078125001 0.7607421875 0.606259096875
1 0.7490234375 0.496724890625 0.7548828125 0.4992721984375 0.7744140625 0.4992721984375 0.7802734375 0.496724890625 0.7841796875 0.49417758437500003 0.794921875 0.48016739375000006 0.796875 0.4750727796875 0.798828125 0.467430859375 0.798828125 0.45214701562500004 0.796875 0.44450509531250004 0.794921875 0.4394104796875 0.7861328125 0.42794759843749997 0.7822265625 0.425400290625 0.7763671875 0.42285298437499996 0.7568359375 0.42285298437499996 0.7470703125 0.43049490468749996 0.740234375 0.4394104796875 0.73828125 0.44450509531250004 0.736328125 0.45214701562500004 0.736328125 0.469978165625 0.740234375 0.4827147015625 0.7490234375 0.496724890625
1 0.109375 0.15665938906250002 0.1220703125 0.1681222703125 0.1435546875 0.1681222703125 0.15234375 0.1592066953125 0.15625 0.151564775 0.162109375 0.133733625 0.162109375 0.11844978125000001 0.158203125 0.1057132453125 0.1533203125 0.09934497812500001 0.1435546875 0.09170305625 0.1357421875 0.08915575 0.1162109375 0.09170305625 0.1123046875 0.09425036406250001 0.10546875 0.1031659390625 0.1015625 0.11335516718750001 0.099609375 0.12354439531250001 0.099609375 0.133733625 0.1015625 0.14137554531250002 0.109375 0.15665938906250002
1 0.1416015625 0 0.1279296875 0.007641921875000001 0.119140625 0.019104803125 0.1171875 0.0241994171875 0.1171875 0.047125181249999995 0.123046875 0.059861717187499996 0.1279296875 0.0662299859375 0.1376953125 0.07387190625 0.1494140625 0.07641921406249999 0.1572265625 0.07387190625 0.1650390625 0.0687772921875 0.171875 0.057314410937500004 0.17578125 0.047125181249999995 0.177734375 0.036935953125 0.17578125 0.016557496875 0.173828125 0.0114628828125 0.1689453125 0.0050946140625 0.1650390625 0.0025473078125 0.1591796875 0 0.1416015625 0
1 0.2470703125 0.0840611359375 0.2568359375 0.0840611359375 0.2646484375 0.08151382812499999 0.2734375 0.07005094687499999 0.279296875 0.057314410937500004 0.28125 0.0394832609375 0.279296875 0.02929403125 0.275390625 0.019104803125 0.2685546875 0.010189228125 0.2607421875 0.0050946140625 0.2509765625 0.0050946140625 0.2392578125 0.012736535937499998 0.23046875 0.026746725 0.2265625 0.036935953125 0.2265625 0.06240902499999999 0.2392578125 0.078966521875 0.2470703125 0.0840611359375
1 0.3095703125 0 0.298828125 0.016557496875 0.296875 0.0241994171875 0.298828125 0.05476710312500001 0.3076171875 0.0662299859375 0.3115234375 0.0687772921875 0.3251953125 0.0687772921875 0.3330078125 0.063682678125 0.3359375 0.059861717187499996 0.34375 0.0420305671875 0.34375 0.019104803125 0.337890625 0.0063682671875 0.3330078125 0 0.3095703125 0
1 0.4560546875 0 0.455078125 0.0038209609375000004 0.45703125 0.008915575 0.4677734375 0.0229257640625 0.4775390625 0.028020378125000002 0.4912109375 0.028020378125000002 0.5009765625 0.0229257640625 0.513671875 0.0063682671875 0.515625 0.001273653125 0.5146484375 0 0.4560546875 0
1 0.5732421875 0 0.572265625 0.001273653125 0.572265625 0.0114628828125 0.576171875 0.0216521109375 0.5849609375 0.0331149921875 0.5927734375 0.03820960625 0.6064453125 0.03820960625 0.6123046875 0.0356623 0.6162109375 0.0331149921875 0.625 0.0216521109375 0.626953125 0.016557496875 0.626953125 0.001273653125 0.6259765625 0 0.5732421875 0
1 0.6533203125 0 0.650390625 0.0038209609375000004 0.6484375 0.0114628828125 0.6484375 0.019104803125 0.65625 0.036935953125 0.6689453125 0.045851528125 0.6767578125 0.0483988359375 0.6884765625 0.0483988359375 0.7041015625 0.03820960625 0.712890625 0.026746725 0.716796875 0.014010189062500001 0.716796875 0.001273653125 0.7158203125 0 0.6533203125 0
1 0.7490234375 0 0.748046875 0.001273653125 0.75390625 0.019104803125 0.7626953125 0.0305676859375 0.7705078125 0.0356623 0.7861328125 0.0356623 0.7958984375 0.0305676859375 0.802734375 0.0216521109375 0.806640625 0.0114628828125 0.806640625 0.001273653125 0.8056640625 0 0.7490234375 0
1 0.8369140625 0 0.8359375 0.008915575 0.84375 0.02929403125 0.853515625 0.049672489062500005 0.8583984375 0.056040756250000004 0.8623046875 0.0585880640625 0.8720703125 0.056040756250000004 0.8935546875 0.043304221875 0.904296875 0.02929403125 0.908203125 0.019104803125 0.908203125 0.0038209609375000004 0.9052734375 0 0.8369140625 0
1 0.896484375 0.17194323125 0.9052734375 0.18340611406250001 0.9111328125 0.1859534203125 0.9267578125 0.18340611406250001 0.9384765625 0.1757641921875 0.9453125 0.1668486171875 0.94921875 0.1592066953125 0.951171875 0.151564775 0.951171875 0.13628093125000001 0.94921875 0.126091703125 0.9462890625 0.1222707421875 0.9345703125 0.11462882031249999 0.9052734375 0.11462882031249999 0.90234375 0.11844978125000001 0.89453125 0.13628093125000001 0.892578125 0.14647015937500002 0.892578125 0.1592066953125 0.89453125 0.1668486171875 0.896484375 0.17194323125
2 0.25 0.4368631734375 0.25390625 0.44450509531250004 0.2646484375 0.45851528437500005 0.2724609375 0.46615720468750005 0.2919921875 0.476346434375 0.3115234375 0.476346434375 0.3193359375 0.4737991265625 0.3447265625 0.45851528437500005 0.359375 0.4394104796875 0.3671875 0.4241266375 0.373046875 0.4062954875 0.37109375 0.378275109375 0.36328125 0.3553493453125 0.357421875 0.3451601171875 0.3466796875 0.333697234375 0.3291015625 0.32350800625 0.3154296875 0.3209606984375 0.3017578125 0.3209606984375 0.2763671875 0.33114992656250003 0.2607421875 0.3438864625 0.251953125 0.3553493453125 0.244140625 0.3731804953125 0.2421875 0.380822415625 0.2421875 0.4062954875 0.244140625 0.4190320234375 0.25 0.4368631734375
0 0.0927734375 0.7438136828124999 0.1044921875 0.7438136828124999 0.1083984375 0.741266375 0.115234375 0.7323508000000001 0.115234375 0.719614265625 0.11328125 0.71451965 0.1064453125 0.705604075 0.0947265625 0.705604075 0.0908203125 0.7081513828125 0.08203125 0.719614265625 0.08203125 0.7272561859375 0.0859375 0.737445415625 0.0927734375 0.7438136828124999
0 0.8291015625 0.5909752546875 0.8388671875 0.59606986875 0.8544921875 0.59606986875 0.8583984375 0.5935225625 0.8671875 0.5820596796874999 0.87109375 0.5718704515625 0.87109375 0.5642285296875 0.8671875 0.5540393015625 0.8583984375 0.54257641875 0.8544921875 0.5400291125 0.8466796875 0.5400291125 0.8388671875 0.54257641875 0.830078125 0.5489446874999999 0.822265625 0.5616812234374999 0.822265625 0.5744177578125 0.82421875 0.5846069875000001 0.8291015625 0.5909752546875