1 0.1669921875 0.3387918484375 0.1708984375 0.34133915625 0.1884765625 0.34133915625 0.1923828125 0.3387918484375 0.205078125 0.3222343515625 0.212890625 0.3044032015625 0.212890625 0.2942139734375 0.208984375 0.27893013125 0.2001953125 0.26746724843749997 0.1923828125 0.262372634375 0.1806640625 0.262372634375 0.1669921875 0.27001455625 0.16015625 0.27893013125 0.15625 0.289119359375 0.154296875 0.29676128125 0.154296875 0.3120451234375 0.158203125 0.32732896718750004 0.1669921875 0.3387918484375
1 0.3623046875 0.369359534375 0.3720703125 0.37700145625000003 0.3876953125 0.37700145625000003 0.3974609375 0.371906840625 0.404296875 0.36553857343749996 0.412109375 0.3477074234375 0.412109375 0.3298762734375 0.40625 0.31459243125 0.3994140625 0.30567685624999996 0.3916015625 0.3005822421875 0.3857421875 0.298034934375 0.3720703125 0.3005822421875 0.3623046875 0.3082241625 0.353515625 0.3222343515625 0.3515625 0.3298762734375 0.3515625 0.3477074234375 0.353515625 0.3553493453125 0.3623046875 0.369359534375
1 0.3896484375 0.4737991265625 0.3935546875 0.476346434375 0.4111328125 0.476346434375 0.4150390625 0.4737991265625 0.423828125 0.4623362453125 0.427734375 0.45214701562500004 0.4296875 0.4394104796875 0.427734375 0.413937409375 0.423828125 0.40374818125 0.4130859375 0.389737990625 0.4091796875 0.38719068437500004 0.3955078125 0.38719068437500004 0.3896484375 0.389737990625 0.37890625 0.40374818125 0.376953125 0.4113901015625 0.375 0.4394104796875 0.376953125 0.4546943234375 0.37890625 0.45978893750000005 0.3896484375 0.4737991265625
1 0.5478515625 0.4330422125 0.5556640625 0.4381368265625 0.5615234375 0.440684134375 0.5712890625 0.440684134375 0.5771484375 0.4381368265625 0.5810546875 0.4355895203125 0.591796875 0.4190320234375 0.59375 0.40884279531249995 0.591796875 0.398653565625 0.587890625 0.3884643375 0.5791015625 0.37700145625000003 0.5751953125 0.3744541484375 0.5673828125 0.371906840625 0.5576171875 0.371906840625 0.5517578125 0.3744541484375 0.541015625 0.3884643375 0.5390625 0.3935589515625 0.537109375 0.40374818125 0.537109375 0.4113901015625 0.5390625 0.4190320234375 0.5478515625 0.4330422125
1 0.6044921875 0.4508733625 0.6123046875 0.45851528437500005 0.6181640625 0.461062590625 0.6357421875 0.461062590625 0.6416015625 0.45851528437500005 0.65234375 0.44450509531250004 0.65625 0.434315865625 0.65625 0.4215793296875 0.650390625 0.40374818125 0.6416015625 0.3922852984375 0.6298828125 0.38464337656250003 0.6162109375 0.38464337656250003 0.6083984375 0.389737990625 0.59765625 0.4012008734375 0.595703125 0.40884279531249995 0.59375 0.4215793296875 0.59375 0.42922125156249996 0.595703125 0.4368631734375 0.6044921875 0.4508733625
1 0.6552734375 0.3922852984375 0.6650390625 0.3999272203125 0.6806640625 0.3999272203125 0.6845703125 0.39737991250000004 0.69140625 0.3884643375 0.6953125 0.378275109375 0.6953125 0.360443959375 0.69140625 0.35025473125 0.6845703125 0.34133915625 0.6767578125 0.3362445421875 0.6630859375 0.3362445421875 0.6552734375 0.34133915625 0.6484375 0.35025473125 0.64453125 0.360443959375 0.64453125 0.3706331875 0.6484375 0.38336972343750003 0.6552734375 0.3922852984375
1 0.6650390625 0.29548762812499996 0.6748046875 0.3005822421875 0.6826171875 0.3005822421875 0.6904296875 0.298034934375 0.701171875 0.2840247453125 0.705078125 0.2738355171875 0.705078125 0.25600436718749997 0.703125 0.250909753125 0.6904296875 0.23435225625 0.6826171875 0.22925764218750003 0.6669921875 0.22925764218750003 0.6591796875 0.23435225625 0.65234375 0.2458151390625 0.6484375 0.25600436718749997 0.6484375 0.2661935953125 0.650390625 0.2763828234375 0.6650390625 0.29548762812499996
1 0.6787109375 0.1783115 0.6904296875 0.1859534203125 0.7060546875 0.1859534203125 0.7099609375 0.18340611406250001 0.716796875 0.1744905390625 0.720703125 0.164301309375 0.72265625 0.15411208125 0.716796875 0.1311863171875 0.7080078125 0.117176128125 0.6982421875 0.10953420625000002 0.6884765625 0.10953420625000002 0.6826171875 0.1120815140625 0.669921875 0.12863901093750002 0.666015625 0.143922853125 0.666015625 0.1490174671875 0.673828125 0.17194323125 0.6787109375 0.1783115
1 0.6240234375 0.135007278125 0.6318359375 0.1401018921875 0.6396484375 0.1426492 0.6474609375 0.1426492 0.6533203125 0.1401018921875 0.662109375 0.12863901093750002 0.666015625 0.11590247499999999 0.666015625 0.1057132453125 0.6640625 0.0929767109375 0.658203125 0.080240175 0.6494140625 0.0687772921875 0.6435546875 0.063682678125 0.6376953125 0.061135371875 0.6279296875 0.061135371875 0.6220703125 0.063682678125 0.611328125 0.0776928671875 0.609375 0.0853347890625 0.609375 0.1057132453125 0.61328125 0.11844978125000001 0.6240234375 0.135007278125
1 0.6728515625 0.08915575 0.6806640625 0.09425036406250001 0.6904296875 0.0967976703125 0.7041015625 0.09425036406250001 0.708984375 0.08788209531249999 0.716796875 0.072598253125 0.716796875 0.059861717187499996 0.71484375 0.05476710312500001 0.7060546875 0.043304221875 0.6982421875 0.03820960625 0.6923828125 0.0356623 0.6767578125 0.0356623 0.6728515625 0.03820960625 0.666015625 0.047125181249999995 0.662109375 0.05476710312500001 0.662109375 0.07005094687499999 0.666015625 0.080240175 0.6728515625 0.08915575
1 0.7509765625 0.1018922859375 0.7548828125 0.10443959218750001 0.7705078125 0.1069869 0.7783203125 0.1018922859375 0.787109375 0.090429403125 0.791015625 0.0751455609375 0.791015625 0.06240902499999999 0.78515625 0.0420305671875 0.7763671875 0.0305676859375 0.7626953125 0.0203784578125 0.7490234375 0.0203784578125 0.7412109375 0.025473071874999996 0.736328125 0.0318413390625 0.734375 0.036935953125 0.732421875 0.044577875 0.732421875 0.07005094687499999 0.740234375 0.08788209531249999 0.7509765625 0.1018922859375
1 0.8408203125 0.1681222703125 0.8466796875 0.170669578125 0.8701171875 0.170669578125 0.8798828125 0.16302765624999999 0.884765625 0.15665938906250002 0.892578125 0.1388282390625 0.892578125 0.11590247499999999 0.890625 0.108260553125 0.8798828125 0.09425036406250001 0.8720703125 0.08915575 0.8642578125 0.0866084421875 0.8486328125 0.0866084421875 0.8369140625 0.09425036406250001 0.826171875 0.108260553125 0.822265625 0.11844978125000001 0.822265625 0.14137554531250002 0.828125 0.15411208125 0.8408203125 0.1681222703125
1 0.8759765625 0.07641921406249999 0.8955078125 0.09170305625 0.9033203125 0.09170305625 0.9169921875 0.0840611359375 0.92578125 0.07005094687499999 0.931640625 0.057314410937500004 0.93359375 0.044577875 0.93359375 0.0318413390625 0.927734375 0.016557496875 0.9169921875 0.0050946140625 0.9111328125 0.0025473078125 0.8876953125 0.0025473078125 0.8798828125 0.0050946140625 0.869140625 0.016557496875 0.86328125 0.02929403125 0.861328125 0.049672489062500005 0.86328125 0.059861717187499996 0.8671875 0.0675036390625 0.8759765625 0.07641921406249999
1 0.5205078125 0.0866084421875 0.5302734375 0.09425036406250001 0.5458984375 0.09425036406250001 0.5556640625 0.08915575 0.564453125 0.0751455609375 0.568359375 0.06240902499999999 0.568359375 0.044577875 0.564453125 0.0318413390625 0.5576171875 0.0229257640625 0.5517578125 0.01783115 0.5458984375 0.015283842187499999 0.5341796875 0.015283842187499999 0.5263671875 0.0203784578125 0.517578125 0.0318413390625 0.51171875 0.049672489062500005 0.509765625 0.057314410937500004 0.509765625 0.0675036390625 0.513671875 0.0776928671875 0.5205078125 0.0866084421875
1 0.4287109375 0.1859534203125 0.4326171875 0.18850072812500002 0.4501953125 0.18850072812500002 0.4580078125 0.18340611406250001 0.46875 0.169395925 0.47265625 0.15665938906250002 0.47265625 0.14647015937500002 0.466796875 0.12863901093750002 0.4580078125 0.117176128125 0.4501953125 0.1120815140625 0.4384765625 0.1120815140625 0.4287109375 0.117176128125 0.421875 0.126091703125 0.416015625 0.1388282390625 0.4140625 0.1490174671875 0.416015625 0.161754003125 0.423828125 0.179585153125 0.4287109375 0.1859534203125
1 0.4560546875 0.0840611359375 0.4638671875 0.08915575 0.4794921875 0.08915575 0.4873046875 0.0840611359375 0.498046875 0.07005094687499999 0.50390625 0.0420305671875 0.50390625 0.0318413390625 0.5 0.019104803125 0.4892578125 0.0050946140625 0.4775390625 0 0.4638671875 0.0025473078125 0.4599609375 0.0050946140625 0.44921875 0.019104803125 0.4453125 0.02929403125 0.443359375 0.036935953125 0.443359375 0.059861717187499996 0.447265625 0.072598253125 0.4560546875 0.0840611359375
1 0.3779296875 0 0.37109375 0.0063682671875 0.36328125 0.0241994171875 0.361328125 0.0318413390625 0.361328125 0.049672489062500005 0.365234375 0.059861717187499996 0.3779296875 0.07387190625 0.3837890625 0.07641921406249999 0.3994140625 0.07641921406249999 0.4111328125 0.0713246 0.421875 0.057314410937500004 0.42578125 0.049672489062500005 0.4296875 0.0318413390625 0.4296875 0.008915575 0.4228515625 0 0.3779296875 0
1 0.3388671875 0.224163028125 0.3466796875 0.22925764218750003 0.3623046875 0.22925764218750003 0.3701171875 0.224163028125 0.37890625 0.21524745312500002 0.384765625 0.2025109171875 0.384765625 0.1948689953125 0.37890625 0.1770378453125 0.3740234375 0.170669578125 0.3642578125 0.1655749640625 0.3466796875 0.1655749640625 0.3388671875 0.170669578125 0.330078125 0.182132459375 0.328125 0.18977438124999998 0.328125 0.20760553124999997 0.330078125 0.2127001453125 0.3388671875 0.224163028125
1 0.2158203125 0.19868995625000002 0.2294921875 0.206331878125 0.2392578125 0.206331878125 0.2529296875 0.19868995625000002 0.259765625 0.18977438124999998 0.263671875 0.179585153125 0.263671875 0.15411208125 0.2548828125 0.137554584375 0.2451171875 0.1299126640625 0.2275390625 0.1299126640625 0.2197265625 0.135007278125 0.2109375 0.14647015937500002 0.20703125 0.15665938906250002 0.20703125 0.179585153125 0.212890625 0.1948689953125 0.2158203125 0.19868995625000002
1 0.2099609375 0 0.2021484375 0.0050946140625 0.193359375 0.0216521109375 0.19140625 0.034388646875 0.19140625 0.044577875 0.193359375 0.052219796875 0.1953125 0.057314410937500004 0.2001953125 0.063682678125 0.2119140625 0.07387190625 0.2314453125 0.07387190625 0.2392578125 0.0687772921875 0.248046875 0.057314410937500004 0.25 0.052219796875 0.25 0.026746725 0.24609375 0.016557496875 0.2373046875 0.0050946140625 0.2294921875 0 0.2099609375 0
1 0.2978515625 0 0.291015625 0.0063682671875 0.28515625 0.0216521109375 0.28515625 0.047125181249999995 0.291015625 0.059861717187499996 0.2958984375 0.0662299859375 0.3095703125 0.07387190625 0.3212890625 0.07387190625 0.3271484375 0.0713246 0.337890625 0.059861717187499996 0.341796875 0.052219796875 0.34375 0.044577875 0.34375 0.0241994171875 0.341796875 0.016557496875 0.3330078125 0.0025473078125 0.3291015625 0 0.2978515625 0
1 0.0283203125 0.22671033437500002 0.0439453125 0.2368995640625 0.0595703125 0.2368995640625 0.0654296875 0.23435225625 0.0751953125 0.22671033437500002 0.083984375 0.2127001453125 0.0859375 0.20505822343750002 0.0859375 0.182132459375 0.08203125 0.169395925 0.0693359375 0.15283842812499998 0.0634765625 0.1502911203125 0.0458984375 0.1502911203125 0.0400390625 0.15283842812499998 0.0361328125 0.155385734375 0.021484375 0.1744905390625 0.01953125 0.179585153125 0.017578125 0.187227075 0.017578125 0.20760553124999997 0.01953125 0.2127001453125 0.0283203125 0.22671033437500002
1 0.0634765625 0.54257641875 0.0673828125 0.5451237265625 0.0830078125 0.5451237265625 0.0908203125 0.5400291125 0.09765625 0.5311135375 0.1015625 0.5209243078125 0.1015625 0.49545123750000003 0.09765625 0.48526200937499997 0.0908203125 0.476346434375 0.0830078125 0.47125181875 0.0693359375 0.47125181875 0.0634765625 0.4737991265625 0.052734375 0.48526200937499997 0.048828125 0.49545123750000003 0.048828125 0.5183770015625 0.05078125 0.5260189234375 0.0634765625 0.54257641875
1 0.1259765625 0.5476710328125 0.1396484375 0.5527656484375 0.1533203125 0.5527656484375 0.1611328125 0.5476710328125 0.169921875 0.5362081515625 0.171875 0.5285662296875 0.171875 0.5107350796875 0.16796875 0.5005458515625001 0.1611328125 0.49163027656249997 0.1494140625 0.4839883546875 0.1298828125 0.4839883546875 0.1220703125 0.48908296875 0.115234375 0.49799854374999997 0.11328125 0.505640465625 0.11328125 0.5260189234375 0.1171875 0.5362081515625 0.1259765625 0.5476710328125
1 0.1767578125 0.59606986875 0.1904296875 0.606259096875 0.2041015625 0.606259096875 0.2119140625 0.6011644828125 0.22265625 0.5871542937500001 0.2265625 0.5718704515625 0.2265625 0.5642285296875 0.22265625 0.5489446874999999 0.2119140625 0.5349344984375 0.2080078125 0.532387190625 0.1865234375 0.532387190625 0.173828125 0.5463973796875 0.169921875 0.5565866078124999 0.16796875 0.5642285296875 0.16796875 0.5820596796874999 0.169921875 0.5871542937500001 0.1767578125 0.59606986875
1 0.109375 0.6075327515625 0.1220703125 0.624090246875 0.1259765625 0.6266375546875 0.1357421875 0.6291848609375 0.1455078125 0.6266375546875 0.1494140625 0.624090246875 0.1640625 0.60498544375 0.1640625 0.5871542937500001 0.16015625 0.5769650656249999 0.1474609375 0.56040756875 0.1435546875 0.5578602625 0.1376953125 0.5553129546875 0.1259765625 0.5553129546875 0.1123046875 0.5655021828125 0.107421875 0.5744177578125 0.10546875 0.5820596796874999 0.10546875 0.594796215625 0.107421875 0.6024381375 0.109375 0.6075327515625
1 0.185546875 0.67631004375 0.1943359375 0.687772925 0.2041015625 0.695414846875 0.2119140625 0.6979621546875 0.2236328125 0.6979621546875 0.2333984375 0.6903202328125 0.2421875 0.6788573515625 0.244140625 0.6737627359375 0.244140625 0.6533842796875 0.2421875 0.6457423578125 0.23828125 0.6355531296875 0.2294921875 0.624090246875 0.2255859375 0.621542940625 0.2197265625 0.6189956328124999 0.2001953125 0.6189956328124999 0.1904296875 0.6266375546875 0.185546875 0.633005821875 0.18359375 0.6381004359375 0.181640625 0.6457423578125 0.181640625 0.6635735078125 0.18359375 0.6712154296875 0.185546875 0.67631004375
1 0.14453125 0.7807496359375 0.1533203125 0.79221251875 0.1572265625 0.7947598250000001 0.1767578125 0.7947598250000001 0.1826171875 0.79221251875 0.19140625 0.7807496359375 0.205078125 0.74763464375 0.205078125 0.7348981078125 0.201171875 0.7247088796875001 0.1904296875 0.713245996875 0.1845703125 0.710698690625 0.1669921875 0.710698690625 0.1611328125 0.713245996875 0.1572265625 0.7157933046875 0.14453125 0.7323508000000001 0.142578125 0.737445415625 0.140625 0.7450873359375 0.140625 0.7629184859375 0.142578125 0.7731077140625 0.14453125 0.7807496359375
1 0.208984375 0.8087700140624999 0.2138671875 0.8151382828125 0.2177734375 0.8176855890624999 0.2373046875 0.8176855890624999 0.2451171875 0.812590975 0.25390625 0.80112809375 0.259765625 0.78584425 0.259765625 0.7680131 0.2578125 0.7603711796875 0.2490234375 0.748908296875 0.2412109375 0.7438136828124999 0.2294921875 0.7438136828124999 0.2236328125 0.7463609890625 0.2197265625 0.748908296875 0.20703125 0.76546579375 0.201171875 0.7807496359375 0.201171875 0.7883915578125 0.203125 0.796033478125 0.208984375 0.8087700140624999
1 0.2822265625 0.6521106265625 0.2900390625 0.657205240625 0.3056640625 0.657205240625 0.3115234375 0.6546579328125001 0.322265625 0.64064774375 0.326171875 0.630458515625 0.326171875 0.6126273656250001 0.32421875 0.60498544375 0.3095703125 0.585880640625 0.3037109375 0.5833333328125 0.2861328125 0.5833333328125 0.2783203125 0.588427946875 0.26953125 0.5998908296875001 0.267578125 0.6075327515625 0.267578125 0.6253639015625 0.271484375 0.6381004359375 0.2822265625 0.6521106265625
1 0.3447265625 0.5756914125 0.3603515625 0.568049490625 0.369140625 0.5565866078124999 0.37109375 0.5489446874999999 0.37109375 0.5260189234375 0.3623046875 0.514556040625 0.3505859375 0.5069141187499999 0.3369140625 0.5069141187499999 0.3203125 0.523471615625 0.318359375 0.5285662296875 0.318359375 0.5616812234374999 0.3291015625 0.5731441046875 0.3447265625 0.5756914125
1 0.3623046875 0.6444687046875 0.3681640625 0.6470160109374999 0.3818359375 0.6444687046875 0.3857421875 0.641921396875 0.396484375 0.6279112078125 0.3984375 0.62281659375 0.400390625 0.615174671875 0.400390625 0.594796215625 0.3984375 0.5897016015625 0.3876953125 0.5756914125 0.3798828125 0.5705967984375 0.3681640625 0.5705967984375 0.3603515625 0.5756914125 0.34765625 0.594796215625 0.345703125 0.6024381375 0.345703125 0.6202692875 0.349609375 0.630458515625 0.3623046875 0.6444687046875
1 0.3173828125 0.81004366875 0.3251953125 0.8151382828125 0.3369140625 0.8151382828125 0.3427734375 0.812590975 0.353515625 0.80112809375 0.357421875 0.7909388640625 0.357421875 0.7731077140625 0.353515625 0.7629184859375 0.3466796875 0.7540029109375 0.3388671875 0.748908296875 0.3330078125 0.7463609890625 0.3193359375 0.748908296875 0.3154296875 0.7514556046875 0.310546875 0.757823871875 0.306640625 0.7680131 0.3046875 0.775655021875 0.3046875 0.78584425 0.30859375 0.796033478125 0.3173828125 0.81004366875
1 0.40625 0.76546579375 0.4111328125 0.7718340609375 0.4189453125 0.776928675 0.4326171875 0.7794759828125 0.4521484375 0.7794759828125 0.4560546875 0.776928675 0.462890625 0.7680131 0.46484375 0.7629184859375 0.46484375 0.739992721875 0.4609375 0.72980349375 0.4541015625 0.72088791875 0.4423828125 0.710698690625 0.4365234375 0.7081513828125 0.4267578125 0.7081513828125 0.4072265625 0.72088791875 0.40234375 0.7272561859375 0.400390625 0.7323508000000001 0.400390625 0.7425400296875 0.404296875 0.7603711796875 0.40625 0.76546579375
1 0.4638671875 0.7183406109375 0.4697265625 0.72088791875 0.4794921875 0.72088791875 0.4853515625 0.7183406109375 0.49609375 0.7068777296875 0.5 0.6966885 0.5 0.6814046578124999 0.498046875 0.6737627359375 0.4873046875 0.659752546875 0.4833984375 0.657205240625 0.4697265625 0.657205240625 0.4638671875 0.6622998546875001 0.45703125 0.6737627359375 0.453125 0.683951965625 0.453125 0.701783115625 0.455078125 0.7068777296875 0.4638671875 0.7183406109375
1 0.4052734375 0.8457059687499999 0.4169921875 0.8508005828125 0.4306640625 0.8508005828125 0.4404296875 0.8457059687499999 0.4501953125 0.838064046875 0.458984375 0.8266011640625001 0.462890625 0.8164119359375 0.462890625 0.8087700140624999 0.4541015625 0.7947598250000001 0.4423828125 0.7896652109375 0.4287109375 0.7871179046875 0.4130859375 0.79221251875 0.4072265625 0.7973071328125 0.396484375 0.8113173218749999 0.39453125 0.81895924375 0.39453125 0.8291484718750001 0.396484375 0.8342430859375 0.4052734375 0.8457059687499999
1 0.5029296875 0.8533478890625 0.5107421875 0.8584425031249999 0.5185546875 0.8609898109375 0.5263671875 0.8609898109375 0.5322265625 0.8584425031249999 0.5361328125 0.8558951968749999 0.544921875 0.8444323140625001 0.548828125 0.8342430859375 0.55078125 0.81895924375 0.546875 0.8062227078124999 0.5380859375 0.7947598250000001 0.5263671875 0.7871179046875 0.5107421875 0.7871179046875 0.5029296875 0.79221251875 0.49609375 0.80112809375 0.4921875 0.8113173218749999 0.490234375 0.81895924375 0.490234375 0.8266011640625001 0.49609375 0.8444323140625001 0.5029296875 0.8533478890625
1 0.5654296875 0.81004366875 0.5693359375 0.812590975 0.5888671875 0.812590975 0.5966796875 0.8074963609375001 0.603515625 0.7985807859375 0.607421875 0.7883915578125 0.609375 0.7731077140625 0.607421875 0.7603711796875 0.603515625 0.7527292578125 0.5947265625 0.741266375 0.5810546875 0.7336244546875 0.5712890625 0.7336244546875 0.5576171875 0.741266375 0.548828125 0.7527292578125 0.546875 0.7603711796875 0.546875 0.78329694375 0.552734375 0.796033478125 0.5654296875 0.81004366875
1 0.439453125 0.92849345 0.4521484375 0.9450509468750001 0.4560546875 0.947598253125 0.4619140625 0.9501455609375 0.4775390625 0.9501455609375 0.4912109375 0.93995633125 0.5 0.9208515281249999 0.5 0.8953784578124999 0.498046875 0.8877365359375 0.4873046875 0.873726346875 0.4814453125 0.8711790390624999 0.4638671875 0.8711790390624999 0.4560546875 0.873726346875 0.4501953125 0.876273653125 0.4443359375 0.8813682671875 0.439453125 0.8877365359375 0.4375 0.8928311499999999 0.435546875 0.900473071875 0.435546875 0.9157569140625 0.4375 0.9233988359374999 0.439453125 0.92849345
1 0.3876953125 0.9577874812499999 0.3955078125 0.9628820953125 0.4052734375 0.9628820953125 0.4150390625 0.9577874812499999 0.421875 0.94887190625 0.42578125 0.9386826781250001 0.42578125 0.91320960625 0.423828125 0.9081149921874999 0.4130859375 0.8941048031250001 0.4033203125 0.8890101890625 0.3916015625 0.8890101890625 0.3798828125 0.8966521109375 0.373046875 0.9081149921874999 0.37109375 0.9183042218749999 0.373046875 0.9335880640625 0.376953125 0.9437772921875001 0.3876953125 0.9577874812499999
1 0.4775390625 0.9985443953124999 0.478515625 0.9972707421875 0.478515625 0.9896288203125 0.474609375 0.9794395921874999 0.4658203125 0.9679767109374999 0.4580078125 0.9628820953125 0.4501953125 0.9603347890625 0.4423828125 0.9603347890625 0.4326171875 0.9628820953125 0.421875 0.9717976703125 0.416015625 0.9819869000000001 0.416015625 0.9972707421875 0.4169921875 0.9985443953124999 0.4775390625 0.9985443953124999
1 0.5986328125 0.9985443953124999 0.599609375 0.9972707421875 0.599609375 0.9819869000000001 0.59765625 0.974344978125 0.5869140625 0.9577874812499999 0.5791015625 0.9526928671875 0.5732421875 0.9501455609375 0.5615234375 0.9501455609375 0.5498046875 0.9577874812499999 0.541015625 0.9692503640625001 0.537109375 0.9794395921874999 0.537109375 0.9972707421875 0.5380859375 0.9985443953124999 0.5986328125 0.9985443953124999
1 0.7255859375 0.9985443953124999 0.7587890625 0.9985443953124999 0.7646484375 0.9959970890625 0.775390625 0.9794395921874999 0.779296875 0.9616084421875 0.779296875 0.9539665218750001 0.7734375 0.92849345 0.7646484375 0.9170305671874999 0.7509765625 0.911935953125 0.7353515625 0.911935953125 0.7294921875 0.9144832609375 0.7236328125 0.9195778750000001 0.71875 0.9259461421875 0.712890625 0.9386826781250001 0.7109375 0.9463246 0.7109375 0.9717976703125 0.71484375 0.98453420625 0.7255859375 0.9985443953124999
1 0.7939453125 0.9425036390624999 0.8017578125 0.937409025 0.810546875 0.9259461421875 0.814453125 0.9157569140625 0.814453125 0.8928311499999999 0.810546875 0.8826419218750001 0.8056640625 0.876273653125 0.7939453125 0.8686317328125 0.7880859375 0.8686317328125 0.7763671875 0.873726346875 0.76953125 0.8826419218750001 0.767578125 0.8877365359375 0.763671875 0.903020378125 0.763671875 0.91320960625 0.7822265625 0.9425036390624999 0.7939453125 0.9425036390624999
1 0.7919921875 0.7998544390625 0.7958984375 0.802401746875 0.8017578125 0.8049490531249999 0.8134765625 0.8049490531249999 0.8193359375 0.802401746875 0.8251953125 0.7973071328125 0.83203125 0.7883915578125 0.833984375 0.78329694375 0.837890625 0.76546579375 0.837890625 0.757823871875 0.8359375 0.75018195 0.833984375 0.7450873359375 0.8232421875 0.7310771468749999 0.8193359375 0.728529840625 0.8134765625 0.7259825328125 0.8056640625 0.7259825328125 0.7998046875 0.728529840625 0.7900390625 0.7361717609375 0.78125 0.7527292578125 0.779296875 0.7603711796875 0.779296875 0.7807496359375 0.78125 0.78584425 0.7919921875 0.7998544390625
1 0.8515625 0.8291484718750001 0.8603515625 0.840611353125 0.8681640625 0.8457059687499999 0.8759765625 0.848253275 0.8837890625 0.848253275 0.8955078125 0.8431586609374999 0.912109375 0.82150655 0.916015625 0.8113173218749999 0.916015625 0.7883915578125 0.912109375 0.775655021875 0.8994140625 0.7590975249999999 0.8916015625 0.7540029109375 0.8837890625 0.7514556046875 0.8720703125 0.7514556046875 0.8662109375 0.7540029109375 0.8603515625 0.7590975249999999 0.849609375 0.7731077140625 0.84765625 0.7782023296875 0.845703125 0.7883915578125 0.845703125 0.813864628125 0.84765625 0.82150655 0.8515625 0.8291484718750001
1 0.7490234375 0.713245996875 0.7568359375 0.7183406109375 0.7763671875 0.7183406109375 0.7861328125 0.710698690625 0.791015625 0.701783115625 0.79296875 0.6941411937499999 0.79296875 0.6788573515625 0.791015625 0.6712154296875 0.7822265625 0.659752546875 0.7763671875 0.6546579328125001 0.7685546875 0.6495633187500001 0.7568359375 0.6495633187500001 0.7509765625 0.6521106265625 0.73828125 0.666120815625 0.734375 0.67631004375 0.734375 0.6890465796874999 0.736328125 0.6941411937499999 0.7490234375 0.713245996875
1 0.7041015625 0.677583696875 0.7138671875 0.6826783109375001 0.7314453125 0.6826783109375001 0.767578125 0.6457423578125 0.767578125 0.64064774375 0.763671875 0.630458515625 0.7548828125 0.6189956328124999 0.7490234375 0.6164483265625 0.7314453125 0.6164483265625 0.7158203125 0.621542940625 0.7060546875 0.6266375546875 0.697265625 0.6381004359375 0.6953125 0.6457423578125 0.6953125 0.6635735078125 0.697265625 0.668668121875 0.7041015625 0.677583696875
1 0.7841796875 0.657205240625 0.7900390625 0.6622998546875001 0.7958984375 0.6648471609375 0.8095703125 0.6648471609375 0.8134765625 0.6622998546875001 0.8203125 0.6533842796875 0.82421875 0.64064774375 0.82421875 0.630458515625 0.8203125 0.6075327515625 0.818359375 0.6024381375 0.8134765625 0.59606986875 0.8056640625 0.5909752546875 0.7900390625 0.5909752546875 0.7861328125 0.5935225625 0.775390625 0.6075327515625 0.7734375 0.6126273656250001 0.7734375 0.64064774375 0.775390625 0.6457423578125 0.7841796875 0.657205240625
1 0.8427734375 0.6470160109374999 0.8466796875 0.6495633187500001 0.8583984375 0.6521106265625 0.8701171875 0.6470160109374999 0.87890625 0.6355531296875 0.8828125 0.6253639015625 0.8828125 0.5897016015625 0.8720703125 0.5756914125 0.8623046875 0.5705967984375 0.8525390625 0.5705967984375 0.8466796875 0.5731441046875 0.8369140625 0.5807860265625 0.830078125 0.594796215625 0.828125 0.60498544375 0.83203125 0.633005821875 0.8359375 0.64064774375 0.8427734375 0.6470160109374999
1 0.7001953125 0.6164483265625 0.7138671875 0.6164483265625 0.7314453125 0.6088064046875 0.7353515625 0.606259096875 0.740234375 0.5998908296875001 0.7421875 0.594796215625 0.7421875 0.5693231437499999 0.740234375 0.5642285296875 0.7314453125 0.5527656484375 0.7275390625 0.5502183406250001 0.7177734375 0.5502183406250001 0.7099609375 0.5527656484375 0.6923828125 0.568049490625 0.685546875 0.5769650656249999 0.68359375 0.5846069875000001 0.6875 0.5998908296875001 0.689453125 0.60498544375 0.7001953125 0.6164483265625
1 0.8427734375 0.5120087343749999 0.8564453125 0.5196506546874999 0.8681640625 0.5171033484375 0.87890625 0.503093159375 0.8828125 0.49545123750000003 0.884765625 0.487809315625 0.884765625 0.469978165625 0.880859375 0.45978893750000005 0.8720703125 0.4508733625 0.8681640625 0.4483260546875 0.8525390625 0.4483260546875 0.8447265625 0.4534206703125 0.8359375 0.46488355156249994 0.83203125 0.4750727796875 0.83203125 0.49290392968749996 0.8359375 0.503093159375 0.8427734375 0.5120087343749999
1 0.9482421875 0.37954876249999997 0.9541015625 0.38464337656250003 0.9619140625 0.389737990625 0.9755859375 0.389737990625 0.9833984375 0.38464337656250003 0.990234375 0.37572780156249996 0.994140625 0.362991265625 0.994140625 0.3451601171875 0.990234375 0.3298762734375 0.9814453125 0.3184133921875 0.9716796875 0.31331877656249996 0.9599609375 0.31331877656249996 0.9521484375 0.31586608437499997 0.9482421875 0.3184133921875 0.9375 0.33497088750000004 0.935546875 0.3451601171875 0.9375 0.362991265625 0.939453125 0.36808588124999997 0.9482421875 0.37954876249999997
1 1 0.2305312953125 0.9990234375 0.22925764218750003 0.9833984375 0.22925764218750003 0.9755859375 0.23435225625 0.96875 0.24326783125 0.96484375 0.25345705937499996 0.96484375 0.2738355171875 0.96875 0.289119359375 0.9736328125 0.29548762812499996 0.9833984375 0.3005822421875 0.9912109375 0.3005822421875 0.9990234375 0.298034934375 1 0.29676128125 1 0.2305312953125
1 0.6044921875 0.4508733625 0.6123046875 0.45851528437500005 0.6181640625 0.461062590625 0.6357421875 0.461062590625 0.6416015625 0.45851528437500005 0.65234375 0.44450509531250004 0.65625 0.434315865625 0.65625 0.4215793296875 0.650390625 0.40374818125 0.6416015625 0.3922852984375 0.6298828125 0.38464337656250003 0.6162109375 0.38464337656250003 0.6083984375 0.389737990625 0.59765625 0.4012008734375 0.595703125 0.40884279531249995 0.59375 0.4215793296875 0.59375 0.42922125156249996 0.595703125 0.4368631734375 0.6044921875 0.4508733625
1 0.6669921875 0.3999272203125 0.6787109375 0.3999272203125 0.6865234375 0.39483260625 0.693359375 0.38336972343750003 0.6953125 0.37572780156249996 0.6953125 0.362991265625 0.693359375 0.3553493453125 0.6845703125 0.34133915625 0.6767578125 0.3362445421875 0.6650390625 0.3362445421875 0.6591796875 0.3387918484375 0.6533203125 0.3438864625 0.6484375 0.35025473125 0.646484375 0.3553493453125 0.64453125 0.36808588124999997 0.650390625 0.38591703125 0.6591796875 0.39483260625 0.6669921875 0.3999272203125
1 0.9091796875 0.6546579328125001 0.9208984375 0.657205240625 0.9287109375 0.6546579328125001 0.939453125 0.6457423578125 0.94921875 0.6279112078125 0.951171875 0.6202692875 0.951171875 0.594796215625 0.9423828125 0.5833333328125 0.9365234375 0.57823871875 0.9267578125 0.5731441046875 0.9130859375 0.5731441046875 0.9072265625 0.5756914125 0.9013671875 0.5807860265625 0.896484375 0.5922489078125001 0.89453125 0.630458515625 0.8984375 0.6431950515625 0.9013671875 0.6470160109374999 0.9091796875 0.6546579328125001
1 0.9091796875 0.6546579328125001 0.9150390625 0.657205240625 0.9228515625 0.657205240625 0.9345703125 0.6521106265625 0.947265625 0.6355531296875 0.951171875 0.6253639015625 0.9609375 0.5820596796874999 0.9609375 0.5642285296875 0.958984375 0.559133915625 0.9521484375 0.5502183406250001 0.9404296875 0.54257641875 0.9306640625 0.5400291125 0.9189453125 0.5451237265625 0.9130859375 0.5502183406250001 0.90234375 0.5642285296875 0.896484375 0.5871542937500001 0.89453125 0.5998908296875001 0.89453125 0.633005821875 0.8984375 0.6431950515625 0.9091796875 0.6546579328125001
1 0.9443359375 0.54257641875 0.9560546875 0.54257641875 0.9697265625 0.5349344984375 0.9765625 0.5260189234375 0.98046875 0.5183770015625 0.984375 0.505640465625 0.984375 0.49035662343749997 0.982421875 0.48526200937499997 0.9755859375 0.476346434375 0.9716796875 0.4737991265625 0.9638671875 0.4737991265625 0.9599609375 0.476346434375 0.943359375 0.5005458515625001 0.93359375 0.51582969375 0.93359375 0.5260189234375 0.9404296875 0.5400291125 0.9443359375 0.54257641875
1 1 0.5718704515625 0.9990234375 0.5705967984375 0.9970703125 0.5705967984375 0.9912109375 0.5756914125 0.96875 0.60498544375 0.962890625 0.62281659375 0.9609375 0.64064774375 0.966796875 0.6559315859375 0.9755859375 0.66739446875 0.9794921875 0.6699417765625 0.9853515625 0.6724890828125 0.9970703125 0.6724890828125 1 0.668668121875 1 0.5718704515625
1 1 0.737445415625 0.9990234375 0.7361717609375 0.9873046875 0.7310771468749999 0.9814453125 0.7310771468749999 0.9697265625 0.7361717609375 0.958984375 0.75018195 0.95703125 0.7552765640625 0.955078125 0.7629184859375 0.955078125 0.775655021875 0.95703125 0.78329694375 0.9599609375 0.7871179046875 0.9716796875 0.7947598250000001 0.9833984375 0.7973071328125 0.9990234375 0.7973071328125 1 0.796033478125 1 0.737445415625
1 1 0.8164119359375 0.9990234375 0.8151382828125 0.9814453125 0.8151382828125 0.9755859375 0.8176855890624999 0.9697265625 0.822780203125 0.9609375 0.83679039375 0.958984375 0.8444323140625001 0.958984375 0.8622634640625 0.9609375 0.8699053859375001 0.96484375 0.8775473078125 0.9775390625 0.8941048031250001 0.9814453125 0.8966521109375 0.9970703125 0.8966521109375 1 0.8928311499999999 1 0.8164119359375
1 1 0.92849345 0.9951171875 0.927219796875 0.9892578125 0.9297671031249999 0.9775390625 0.93995633125 0.97265625 0.9463246 0.96875 0.9565138281250001 0.96875 0.9768922859375 0.970703125 0.9819869000000001 0.9765625 0.9921761281249999 0.9833984375 0.9985443953124999 0.9990234375 0.9985443953124999 1 0.9972707421875 1 0.92849345
1 0.1572265625 0.9526928671875 0.1630859375 0.9577874812499999 0.1787109375 0.9603347890625 0.1923828125 0.9526928671875 0.205078125 0.9386826781250001 0.2109375 0.9259461421875 0.212890625 0.9157569140625 0.212890625 0.8877365359375 0.205078125 0.8699053859375001 0.1962890625 0.8584425031249999 0.1884765625 0.8533478890625 0.1748046875 0.8508005828125 0.1630859375 0.8533478890625 0.1552734375 0.8584425031249999 0.138671875 0.8800946140624999 0.134765625 0.8902838421875 0.1328125 0.9055676859374999 0.13671875 0.9233988359374999 0.140625 0.93104075625 0.1572265625 0.9526928671875
1 0.2861328125 0.9985443953124999 0.287109375 0.9972707421875 0.287109375 0.9870815140625 0.283203125 0.974344978125 0.2763671875 0.9628820953125 0.2685546875 0.9577874812499999 0.2568359375 0.9577874812499999 0.2509765625 0.9603347890625 0.2470703125 0.9628820953125 0.236328125 0.9768922859375 0.234375 0.98453420625 0.234375 0.9972707421875 0.2353515625 0.9985443953124999 0.2861328125 0.9985443953124999
1 0.1513671875 0.9985443953124999 0.15234375 0.9972707421875 0.15234375 0.9794395921874999 0.14453125 0.9590611359375 0.1416015625 0.9552401749999999 0.1279296875 0.947598253125 0.1220703125 0.947598253125 0.1123046875 0.9526928671875 0.107421875 0.9590611359375 0.103515625 0.9692503640625001 0.103515625 0.9794395921874999 0.1103515625 0.9985443953124999 0.1513671875 0.9985443953124999
1 0.07421875 0.8062227078124999 0.0791015625 0.812590975 0.0869140625 0.8176855890624999 0.0947265625 0.8202328968750001 0.1044921875 0.8202328968750001 0.1181640625 0.8151382828125 0.12890625 0.80112809375 0.130859375 0.7934861718749999 0.130859375 0.7782023296875 0.125 0.7603711796875 0.1162109375 0.7514556046875 0.1083984375 0.7463609890625 0.0947265625 0.7463609890625 0.0888671875 0.748908296875 0.080078125 0.757823871875 0.072265625 0.7731077140625 0.0703125 0.7807496359375 0.0703125 0.7909388640625 0.072265625 0.80112809375 0.07421875 0.8062227078124999
1 0.0302734375 0.7743813687500001 0.0380859375 0.776928675 0.0478515625 0.7743813687500001 0.0556640625 0.7692867546875 0.06640625 0.7552765640625 0.072265625 0.7425400296875 0.072265625 0.7323508000000001 0.0703125 0.7247088796875001 0.0634765625 0.7157933046875 0.0556640625 0.710698690625 0.0400390625 0.710698690625 0.0341796875 0.713245996875 0.0302734375 0.7157933046875 0.01953125 0.72980349375 0.017578125 0.7348981078125 0.017578125 0.7552765640625 0.01953125 0.7603711796875 0.0302734375 0.7743813687500001
1 0 0.9437772921875001 0.0009765625 0.9450509468750001 0.0126953125 0.93995633125 0.0234375 0.9259461421875 0.02734375 0.91320960625 0.02734375 0.8877365359375 0.0234375 0.8775473078125 0.0166015625 0.8686317328125 0.0087890625 0.8635371171875 0.0009765625 0.8609898109375 0 0.8622634640625 0 0.9437772921875001
0 0.1123046875 0.8686317328125 0.1181640625 0.8686317328125 0.1220703125 0.866084425 0.12890625 0.8571688500000001 0.130859375 0.8520742359375 0.130859375 0.8444323140625001 0.1220703125 0.8329694328125001 0.1142578125 0.8304221249999999 0.1044921875 0.838064046875 0.09765625 0.846979621875 0.09765625 0.8571688500000001 0.1005859375 0.8609898109375 0.1123046875 0.8686317328125
0 0.5986328125 0.5629548765625 0.6044921875 0.5629548765625 0.6162109375 0.5578602625 0.62109375 0.55149199375 0.623046875 0.5463973796875 0.623046875 0.5362081515625 0.6162109375 0.5221979625000001 0.6025390625 0.5221979625000001 0.59375 0.53366084375 0.58984375 0.5438500734375 0.58984375 0.5489446874999999 0.591796875 0.5540393015625 0.5986328125 0.5629548765625
2 0.5126953125 0.25218340625 0.5166015625 0.2547307125 0.5224609375 0.2572780203125 0.5400390625 0.2572780203125 0.5537109375 0.24963609843749998 0.5615234375 0.241994178125 0.57421875 0.2228893734375 0.58203125 0.197416303125 0.58203125 0.169395925 0.576171875 0.15411208125 0.5654296875 0.1401018921875 0.5556640625 0.135007278125 0.5361328125 0.135007278125 0.5263671875 0.137554584375 0.5126953125 0.14774381406249998 0.501953125 0.161754003125 0.4921875 0.187227075 0.490234375 0.2025109171875 0.4921875 0.21779475937499998 0.5 0.235625909375 0.5126953125 0.25218340625
0 0.8193359375 0.4355895203125 0.8271484375 0.4355895203125 0.8369140625 0.43049490468749996 0.83984375 0.4241266375 0.83984375 0.4113901015625 0.837890625 0.4062954875 0.8330078125 0.3999272203125 0.8193359375 0.405021834375 0.810546875 0.41648471562499995 0.810546875 0.4241266375 0.8125 0.42922125156249996 0.8193359375 0.4355895203125
0 0.9345703125 0.10953420625000002 0.9423828125 0.10953420625000002 0.947265625 0.1031659390625 0.947265625 0.090429403125 0.9384765625 0.078966521875 0.9345703125 0.07641921406249999 0.927734375 0.080240175 0.92578125 0.0853347890625 0.92578125 0.10061863124999999 0.9306640625 0.1069869 0.9345703125 0.10953420625000002
1 0.6630859375 0.8304221249999999 0.6748046875 0.8355167390625 0.7041015625 0.838064046875 0.7158203125 0.8304221249999999 0.732421875 0.8087700140624999 0.740234375 0.7934861718749999 0.744140625 0.7705604078125 0.744140625 0.72980349375 0.73828125 0.7170669578125 0.7275390625 0.70305676875 0.7138671875 0.695414846875 0.7001953125 0.695414846875 0.6865234375 0.7005094609375 0.6708984375 0.713245996875 0.6611328125 0.723435225 0.650390625 0.737445415625 0.646484375 0.7450873359375 0.642578125 0.757823871875 0.640625 0.7680131 0.640625 0.7883915578125 0.646484375 0.8087700140624999 0.6630859375 0.8304221249999999
2 0.6630859375 0.8304221249999999 0.6728515625 0.8355167390625 0.6884765625 0.838064046875 0.7060546875 0.838064046875 0.7138671875 0.8329694328125001 0.734375 0.8062227078124999 0.73828125 0.7985807859375 0.7421875 0.7883915578125 0.74609375 0.75018195 0.744140625 0.72980349375 0.73828125 0.71451965 0.7353515625 0.710698690625 0.7216796875 0.6979621546875 0.7138671875 0.695414846875 0.6982421875 0.695414846875 0.6904296875 0.6979621546875 0.6787109375 0.705604075 0.6552734375 0.728529840625 0.6484375 0.739992721875 0.642578125 0.7552765640625 0.640625 0.76546579375 0.640625 0.7883915578125 0.6484375 0.813864628125 0.6630859375 0.8304221249999999
2 0.6650390625 0.5527656484375 0.6689453125 0.5553129546875 0.6865234375 0.5553129546875 0.6943359375 0.5502183406250001 0.705078125 0.5362081515625 0.71484375 0.51582969375 0.71484375 0.503093159375 0.708984375 0.48016739375000006 0.6982421875 0.46615720468750005 0.6943359375 0.4636098984375 0.6728515625 0.4636098984375 0.6650390625 0.4687045125 0.6552734375 0.47889374062499995 0.6484375 0.487809315625 0.646484375 0.49290392968749996 0.64453125 0.5005458515625001 0.64453125 0.51582969375 0.654296875 0.5387554578125 0.6650390625 0.5527656484375